WEEK	ModPriestRapidsFlowData
1	6.77E+06
2	3.72E+06
3	3.06E+06
4	2.39E+06
5	1.90E+06
6	1.46E+06
7	1.21E+06
8	1.99E+06
9	2.75E+06
10	1.13E+07
11	1.74E+07
12	8.62E+06
13	5.51E+06
14	3.07E+06
15	2.11E+06
16	1.49E+06
17	1.67E+06
18	1.08E+06
19	1.74E+06
20	1.99E+06
21	7.42E+06
22	1.12E+07
23	1.47E+07
24	1.06E+07
25	6.22E+06
26	3.69E+06
27	2.16E+06
28	1.81E+06
29	1.45E+06
30	1.43E+06
31	1.51E+06
32	2.35E+06
33	3.97E+06
34	1.35E+07
35	1.35E+07
36	8.58E+06
37	5.04E+06
38	3.73E+06
39	2.22E+06
40	2.10E+06
41	1.69E+06
42	1.64E+06
43	1.68E+06
44	4.72E+06
45	8.90E+06
46	1.98E+07
47	2.14E+07
48	1.12E+07
49	6.39E+06
50	3.26E+06
51	2.56E+06
52	3.55E+06
53	3.36E+06
54	2.55E+06
55	1.60E+06
56	2.56E+06
57	5.79E+06
58	1.57E+07
59	2.83E+07
60	1.80E+07
61	8.04E+06
62	4.33E+06
63	4.36E+06
64	5.92E+06
65	7.56E+06
66	6.53E+06
67	4.18E+06
68	5.67E+06
69	1.64E+07
70	2.23E+07
71	1.65E+07
72	9.11E+06
73	5.54E+06
74	3.18E+06
75	2.74E+06
76	4.33E+06
77	2.94E+06
78	2.97E+06
79	3.25E+06
80	3.29E+06
81	5.23E+06
82	1.58E+07
83	2.08E+07
84	1.44E+07
85	6.58E+06
86	3.67E+06
87	2.43E+06
88	1.88E+06
89	1.65E+06
90	1.67E+06
91	1.01E+06
92	2.25E+06
93	8.34E+06
94	1.96E+07
95	1.65E+07
96	8.24E+06
97	5.05E+06
98	2.92E+06
99	2.04E+06
100	1.44E+06
101	1.51E+06
102	1.03E+06
103	1.11E+06
104	1.66E+06
105	3.48E+06
106	1.24E+07
107	1.66E+07
108	9.81E+06
109	4.88E+06
110	3.32E+06
111	2.70E+06
112	3.48E+06
113	2.70E+06
114	2.94E+06
115	1.92E+06
116	3.70E+06
117	8.55E+06
118	1.83E+07
119	2.12E+07
120	1.13E+07
121	4.49E+06
122	3.72E+06
123	2.69E+06
124	2.05E+06
125	1.87E+06
126	2.03E+06
127	1.37E+06
128	2.58E+06
129	7.40E+06
130	1.79E+07
131	1.31E+07
132	1.03E+07
133	5.46E+06
134	3.05E+06
135	2.91E+06
136	2.68E+06
137	2.93E+06
138	1.86E+06
139	2.01E+06
140	3.89E+06
141	7.31E+06
142	1.53E+07
143	1.34E+07
144	8.27E+06
145	4.73E+06
146	3.87E+06
147	3.58E+06
148	2.31E+06
149	2.19E+06
150	1.99E+06
151	1.68E+06
152	3.27E+06
153	6.65E+06
154	1.14E+07
155	1.14E+07
156	7.56E+06
157	4.63E+06
158	4.43E+06
159	5.00E+06
160	3.86E+06
161	5.44E+06
162	2.71E+06
163	2.22E+06
164	2.38E+06
165	6.77E+06
166	1.43E+07
167	1.72E+07
168	1.28E+07
169	6.34E+06
170	3.09E+06
171	2.58E+06
172	2.49E+06
173	2.45E+06
174	1.92E+06
175	1.95E+06
176	2.48E+06
177	1.29E+07
178	1.42E+07
179	1.99E+07
180	1.69E+07
181	6.81E+06
182	3.09E+06
183	2.76E+06
184	2.05E+06
185	1.93E+06
186	1.64E+06
187	1.47E+06
188	1.79E+06
189	3.45E+06
190	1.06E+07
191	1.30E+07
192	6.85E+06
193	4.92E+06
194	3.55E+06
195	2.95E+06
196	2.48E+06
197	1.78E+06
198	2.19E+06
199	2.02E+06
200	2.47E+06
201	3.26E+06
202	1.54E+07
203	1.87E+07
204	9.84E+06
205	4.70E+06
206	2.99E+06
207	2.39E+06
208	2.72E+06
209	2.41E+06
210	2.53E+06
211	1.86E+06
212	3.23E+06
213	8.57E+06
214	2.35E+07
215	2.15E+07
216	1.27E+07
217	5.96E+06
218	3.82E+06
219	2.70E+06
220	2.72E+06
221	3.75E+06
222	2.51E+06
223	2.85E+06
224	4.10E+06
225	8.40E+06
226	2.20E+07
227	1.91E+07
228	1.16E+07
229	5.42E+06
230	3.76E+06
231	5.83E+06
232	4.35E+06
233	3.10E+06
234	2.87E+06
235	2.26E+06
236	2.58E+06
237	6.84E+06
238	2.47E+07
239	3.24E+07
240	1.20E+07
241	8.00E+06
242	4.36E+06
243	3.42E+06
244	2.74E+06
245	2.04E+06
246	1.67E+06
247	2.13E+06
248	3.50E+06
249	8.89E+06
250	2.34E+07
251	1.50E+07
252	7.98E+06
253	5.22E+06
254	3.14E+06
255	2.43E+06
256	3.31E+06
257	3.29E+06
258	2.23E+06
259	2.44E+06
260	4.63E+06
261	6.64E+06
262	1.61E+07
263	2.90E+07
264	1.96E+07
265	7.71E+06
266	3.99E+06
267	4.00E+06
268	4.46E+06
269	4.94E+06
270	4.12E+06
271	5.11E+06
272	3.78E+06
273	9.15E+06
274	2.44E+07
275	1.95E+07
276	1.62E+07
277	6.81E+06
278	3.95E+06
279	4.97E+06
280	3.46E+06
281	3.09E+06
282	2.54E+06
283	2.55E+06
284	2.87E+06
285	1.04E+07
286	2.14E+07
287	1.74E+07
288	1.14E+07
289	5.82E+06
290	2.94E+06
291	2.21E+06
292	1.58E+06
293	1.67E+06
294	2.96E+06
295	3.10E+06
296	2.75E+06
297	4.68E+06
298	1.63E+07
299	2.33E+07
300	1.45E+07
301	6.68E+06
302	3.69E+06
303	3.29E+06
304	3.14E+06
305	2.82E+06
306	2.40E+06
307	2.74E+06
308	3.28E+06
309	5.48E+06
310	2.18E+07
311	2.43E+07
312	2.25E+07
313	9.55E+06
314	6.07E+06
315	3.76E+06
316	4.34E+06
317	3.34E+06
318	2.37E+06
319	2.12E+06
320	2.24E+06
321	4.18E+06
322	1.22E+07
323	2.64E+07
324	1.90E+07
325	7.30E+06
326	3.78E+06
327	3.97E+06
328	4.52E+06
329	4.21E+06
330	3.43E+06
331	2.14E+06
332	3.65E+06
333	1.23E+07
334	2.64E+07
335	2.63E+07
336	1.40E+07
337	6.36E+06
338	3.71E+06
339	3.50E+06
340	2.63E+06
341	2.92E+06
342	1.92E+06
343	2.20E+06
344	3.27E+06
345	5.58E+06
346	2.82E+07
347	1.85E+07
348	8.65E+06
349	4.74E+06
350	3.06E+06
351	2.68E+06
352	2.28E+06
353	2.15E+06
354	2.15E+06
355	3.12E+06
356	3.65E+06
357	6.59E+06
358	2.35E+07
359	1.85E+07
360	8.60E+06
361	5.15E+06
362	3.37E+06
363	3.53E+06
364	3.49E+06
365	3.64E+06
366	4.15E+06
367	2.61E+06
368	3.48E+06
369	8.12E+06
370	1.88E+07
371	2.76E+07
372	1.69E+07
373	6.83E+06
374	6.76E+06
375	6.63E+06
376	5.78E+06
377	4.56E+06
378	2.71E+06
379	2.87E+06
380	3.95E+06
381	1.02E+07
382	1.46E+07
383	2.15E+07
384	1.44E+07
385	6.16E+06
386	3.88E+06
387	3.20E+06
388	3.16E+06
389	2.22E+06
390	2.36E+06
391	4.50E+06
392	4.35E+06
393	6.49E+06
394	2.16E+07
395	2.92E+07
396	9.78E+06
397	5.75E+06
398	2.98E+06
399	3.20E+06
400	2.16E+06
401	2.00E+06
402	1.90E+06
403	2.54E+06
404	2.43E+06
405	9.10E+06
406	1.51E+07
407	1.98E+07
408	1.10E+07
409	6.55E+06
410	3.21E+06
411	3.44E+06
412	3.76E+06
413	3.69E+06
414	2.65E+06
415	3.93E+06
416	3.56E+06
417	6.06E+06
418	1.46E+07
419	1.87E+07
420	1.16E+07
421	5.71E+06
422	3.97E+06
423	2.72E+06
424	2.61E+06
425	2.27E+06
426	2.08E+06
427	1.67E+06
428	2.09E+06
429	4.57E+06
430	1.52E+07
431	2.87E+07
432	1.65E+07
433	7.05E+06
434	4.35E+06
435	4.50E+06
436	3.36E+06
437	3.84E+06
438	3.06E+06
439	3.13E+06
440	3.68E+06
441	9.10E+06
442	1.77E+07
443	2.33E+07
444	1.26E+07
445	7.66E+06
446	3.61E+06
447	3.43E+06
448	3.31E+06
449	2.51E+06
450	2.41E+06
451	1.93E+06
452	3.14E+06
453	7.51E+06
454	1.67E+07
455	1.98E+07
456	1.30E+07
457	6.14E+06
458	3.56E+06
459	2.69E+06
460	2.60E+06
461	3.15E+06
462	3.12E+06
463	2.94E+06
464	3.20E+06
465	4.35E+06
466	1.66E+07
467	3.30E+07
468	1.61E+07
469	6.57E+06
470	3.98E+06
471	3.30E+06
472	3.43E+06
473	2.52E+06
474	2.81E+06
475	3.68E+06
476	5.32E+06
477	4.11E+06
478	1.50E+07
479	2.25E+07
480	1.45E+07
481	6.88E+06
482	5.32E+06
483	4.31E+06
484	4.12E+06
485	3.34E+06
486	3.21E+06
487	2.44E+06
488	3.50E+06
489	1.24E+07
490	2.35E+07
491	2.20E+07
492	1.12E+07
493	5.01E+06
494	3.45E+06
495	3.44E+06
496	2.90E+06
497	2.35E+06
498	2.34E+06
499	2.45E+06
500	2.95E+06
501	3.78E+06
502	1.48E+07
503	2.10E+07
504	9.32E+06
505	5.06E+06
506	2.68E+06
507	2.39E+06
508	2.09E+06
509	2.15E+06
510	2.68E+06
511	4.55E+06
512	3.46E+06
513	6.99E+06
514	2.49E+07
515	2.51E+07
516	1.43E+07
517	7.89E+06
518	3.83E+06
519	2.93E+06
520	2.50E+06
521	2.14E+06
522	2.26E+06
523	2.68E+06
524	8.38E+06
525	7.01E+06
526	2.32E+07
527	3.42E+07
528	1.77E+07
529	9.06E+06
530	4.08E+06
531	3.26E+06
532	2.55E+06
533	2.43E+06
534	2.56E+06
535	1.87E+06
536	2.96E+06
537	3.87E+06
538	1.29E+07
539	1.42E+07
540	8.80E+06
541	4.69E+06
542	2.61E+06
543	2.65E+06
544	3.75E+06
545	4.30E+06
546	6.90E+06
547	4.12E+06
548	4.46E+06
549	1.03E+07
550	1.86E+07
551	3.43E+07
552	1.87E+07
553	8.18E+06
554	3.96E+06
555	2.31E+06
556	2.42E+06
557	2.20E+06
558	2.12E+06
559	1.95E+06
560	3.03E+06
561	4.21E+06
562	1.60E+07
563	2.47E+07
564	1.55E+07
565	6.45E+06
566	4.11E+06
567	3.94E+06
568	4.65E+06
569	5.70E+06
570	3.69E+06
571	3.01E+06
572	3.34E+06
573	7.94E+06
574	2.30E+07
575	1.84E+07
576	1.76E+07
577	1.23E+07
578	6.96E+06
579	3.24E+06
580	2.34E+06
581	1.89E+06
582	1.88E+06
583	1.78E+06
584	2.14E+06
585	4.06E+06
586	1.02E+07
587	1.19E+07
588	6.20E+06
589	5.38E+06
590	3.24E+06
591	2.19E+06
592	2.44E+06
593	3.89E+06
594	2.48E+06
595	2.16E+06
596	4.03E+06
597	8.23E+06
598	1.62E+07
599	2.03E+07
600	1.39E+07
601	6.48E+06
602	6.34E+06
603	3.91E+06
604	3.00E+06
605	1.99E+06
606	1.83E+06
607	2.01E+06
608	3.47E+06
609	4.54E+06
610	1.68E+07
611	1.48E+07
612	9.07E+06
613	4.72E+06
614	3.21E+06
615	2.15E+06
616	1.53E+06
617	2.59E+06
618	2.04E+06
619	1.88E+06
620	3.01E+06
621	8.65E+06
622	2.27E+07
623	1.63E+07
624	8.69E+06
625	4.59E+06
626	3.73E+06
627	3.23E+06
628	3.22E+06
629	5.01E+06
630	4.50E+06
631	3.74E+06
632	3.98E+06
633	6.24E+06
634	1.98E+07
635	1.92E+07
636	1.53E+07
637	8.30E+06
638	3.96E+06
639	3.37E+06
640	3.52E+06
641	2.79E+06
642	2.35E+06
643	4.82E+06
644	5.29E+06
645	5.84E+06
646	1.79E+07
647	2.71E+07
648	1.60E+07
649	7.75E+06
650	5.21E+06
651	3.63E+06
652	3.01E+06
653	2.79E+06
654	3.45E+06
655	3.47E+06
656	6.84E+06
657	7.69E+06
658	1.74E+07
659	1.93E+07
660	1.43E+07
661	7.42E+06
662	3.95E+06
663	2.74E+06
664	4.88E+06
665	2.64E+06
666	3.94E+06
667	2.91E+06
668	4.38E+06
669	7.13E+06
670	1.12E+07
671	2.21E+07
672	1.38E+07
673	6.71E+06
674	3.79E+06
675	2.84E+06
676	2.79E+06
677	2.03E+06
678	1.67E+06
679	1.49E+06
680	2.36E+06
681	7.15E+06
682	1.85E+07
683	1.63E+07
684	8.09E+06
685	4.21E+06
686	3.57E+06
687	3.73E+06
688	4.14E+06
689	2.47E+06
690	2.27E+06
691	2.98E+06
692	6.83E+06
693	8.01E+06
694	1.47E+07
695	2.03E+07
696	9.88E+06
697	5.33E+06
698	3.13E+06
699	2.83E+06
700	3.08E+06
701	2.43E+06
702	1.95E+06
703	1.87E+06
704	4.81E+06
705	7.41E+06
706	1.85E+07
707	1.30E+07
708	7.70E+06
709	4.36E+06
710	2.89E+06
711	1.68E+06
712	1.70E+06
713	1.93E+06
714	1.59E+06
715	1.55E+06
716	2.57E+06
717	8.25E+06
718	1.45E+07
719	1.54E+07
720	8.44E+06
721	4.65E+06
722	2.79E+06
723	3.23E+06
724	3.39E+06
725	2.52E+06
726	2.27E+06
727	1.77E+06
728	3.27E+06
729	8.74E+06
730	1.67E+07
731	1.79E+07
732	9.03E+06
733	5.98E+06
734	3.50E+06
735	2.60E+06
736	5.17E+06
737	4.22E+06
738	3.86E+06
739	2.74E+06
740	3.61E+06
741	1.10E+07
742	1.48E+07
743	2.42E+07
744	1.48E+07
745	6.86E+06
746	3.36E+06
747	2.90E+06
748	6.55E+06
749	4.15E+06
750	3.21E+06
751	4.28E+06
752	4.11E+06
753	8.28E+06
754	2.01E+07
755	2.24E+07
756	1.78E+07
757	8.46E+06
758	3.71E+06
759	2.26E+06
760	2.32E+06
761	2.19E+06
762	2.08E+06
763	2.66E+06
764	4.16E+06
765	6.77E+06
766	1.45E+07
767	1.31E+07
768	7.54E+06
769	4.28E+06
770	2.73E+06
771	3.01E+06
772	2.55E+06
773	1.89E+06
774	1.83E+06
775	1.47E+06
776	2.89E+06
777	5.82E+06
778	1.91E+07
779	1.23E+07
780	9.28E+06
781	6.04E+06
782	3.42E+06
783	2.48E+06
784	1.88E+06
785	2.08E+06
786	2.16E+06
787	1.58E+06
788	3.17E+06
789	9.27E+06
790	1.57E+07
791	1.35E+07
792	9.06E+06
793	4.55E+06
794	2.59E+06
795	2.09E+06
796	1.80E+06
797	2.21E+06
798	2.61E+06
799	4.58E+06
800	5.86E+06
801	5.81E+06
802	1.56E+07
803	2.07E+07
804	1.10E+07
805	6.00E+06
806	3.68E+06
807	4.30E+06
808	6.43E+06
809	8.17E+06
810	4.49E+06
811	6.72E+06
812	5.72E+06
813	1.18E+07
814	1.72E+07
815	2.52E+07
816	1.70E+07
817	7.22E+06
818	3.86E+06
819	3.26E+06
820	3.01E+06
821	2.84E+06
822	3.99E+06
823	3.27E+06
824	6.23E+06
825	1.02E+07
826	2.79E+07
827	3.03E+07
828	1.61E+07
829	7.49E+06
830	5.40E+06
831	6.22E+06
832	4.34E+06
833	3.00E+06
834	2.82E+06
835	2.95E+06
836	4.35E+06
837	7.11E+06
838	2.22E+07
839	1.57E+07
840	1.01E+07
841	5.24E+06
842	3.10E+06
843	2.18E+06
844	2.58E+06
845	2.96E+06
846	3.51E+06
847	2.81E+06
848	4.94E+06
849	8.05E+06
850	1.64E+07
851	2.52E+07
852	1.77E+07
853	1.03E+07
854	3.97E+06