Elevation	Volume
1445	1452800
1445.1	1453700
1445.2	1454600
1445.3	1455500
1445.4	1456400
1445.5	1457300
1445.6	1458200
1445.7	1459100
1445.8	1460000
1445.9	1460900
1446	1461800
1446.1	1462700
1446.2	1463600
1446.3	1464500
1446.4	1465400
1446.5	1466300
1446.6	1467200
1446.7	1468100
1446.8	1469000
1446.9	1469900
1447	1470800
1447.1	1471700
1447.2	1472600
1447.3	1473500
1447.4	1474400
1447.5	1475300
1447.6	1476100
1447.7	1477000
1447.8	1477900
1447.9	1478800
1448	1479700
1448.1	1480600
1448.2	1481500
1448.3	1482400
1448.4	1483300
1448.5	1484200
1448.6	1485100
1448.7	1486000
1448.8	1486900
1448.9	1487800
1449	1488700
1449.1	1489600
1449.2	1490500
1449.3	1491400
1449.4	1492300
1449.5	1493200
1449.6	1494100
1449.7	1495000
1449.8	1495900
1449.9	1496800
1450	1497700
1450.1	1498600
1450.2	1499500
1450.3	1500500
1450.4	1501400
1450.5	1502300
1450.6	1503200
1450.7	1504200
1450.8	1505100
1450.9	1506000
1451	1506900
1451.1	1507900
1451.2	1508800
1451.3	1509700
1451.4	1510700
1451.5	1511600
1451.6	1512500
1451.7	1513400
1451.8	1514400
1451.9	1515300
1452	1516200
1452.1	1517100
1452.2	1518000
1452.3	1519000
1452.4	1519900
1452.5	1520800
1452.6	1521700
1452.7	1522700
1452.8	1523600
1452.9	1524500
1453	1525400
1453.1	1526400
1453.2	1527300
1453.3	1528200
1453.4	1529200
1453.5	1530100
1453.6	1531000
1453.7	1531900
1453.8	1532900
1453.9	1533800
1454	1534700
1454.1	1535600
1454.2	1536500
1454.3	1537500
1454.4	1538400
1454.5	1539300
1454.6	1540200
1454.7	1541200
1454.8	1542100
1454.9	1543000
1455	1543900
1455.1	1544900
1455.2	1545800
1455.3	1546700
1455.4	1547700
1455.5	1548600
1455.6	1549500
1455.7	1550400
1455.8	1551400
1455.9	1552300
1456	1553200
1456.1	1554100
1456.2	1555000
1456.3	1556000
1456.4	1556900
1456.5	1557800
1456.6	1558700
1456.7	1559700
1456.8	1560600
1456.9	1561500
1457	1562400
1457.1	1563400
1457.2	1564300
1457.3	1565200
1457.4	1566200
1457.5	1567100
1457.6	1568000
1457.7	1568900
1457.8	1569900
1457.9	1570800
1458	1571700
1458.1	1572600
1458.2	1573500
1458.3	1574500
1458.4	1575400
1458.5	1576300
1458.6	1577200
1458.7	1578200
1458.8	1579100
1458.9	1580000
1459	1580900
1459.1	1581900
1459.2	1582800
1459.3	1583700
1459.4	1584700
1459.5	1585600
1459.6	1586500
1459.7	1587400
1459.8	1588400
1459.9	1589300
1460	1590200
1460.1	1591100
1460.2	1592100
1460.3	1593000
1460.4	1594000
1460.5	1594900
1460.6	1595900
1460.7	1596800
1460.8	1597800
1460.9	1598700
1461	1599700
1461.1	1600600
1461.2	1601600
1461.3	1602500
1461.4	1603500
1461.5	1604400
1461.6	1605400
1461.7	1606300
1461.8	1607300
1461.9	1608200
1462	1609200
1462.1	1610100
1462.2	1611100
1462.3	1612000
1462.4	1613000
1462.5	1613900
1462.6	1614800
1462.7	1615800
1462.8	1616700
1462.9	1617700
1463	1618600
1463.1	1619600
1463.2	1620500
1463.3	1621500
1463.4	1622400
1463.5	1623400
1463.6	1624300
1463.7	1625300
1463.8	1626200
1463.9	1627200
1464	1628100
1464.1	1629100
1464.2	1630000
1464.3	1631000
1464.4	1631900
1464.5	1632900
1464.6	1633800
1464.7	1634800
1464.8	1635700
1464.9	1636700
1465	1637600
1465.1	1638500
1465.2	1639500
1465.3	1640400
1465.4	1641400
1465.5	1642300
1465.6	1643300
1465.7	1644200
1465.8	1645200
1465.9	1646100
1466	1647100
1466.1	1648000
1466.2	1649000
1466.3	1649900
1466.4	1650900
1466.5	1651800
1466.6	1652800
1466.7	1653700
1466.8	1654700
1466.9	1655600
1467	1656600
1467.1	1657500
1467.2	1658500
1467.3	1659400
1467.4	1660400
1467.5	1661300
1467.6	1662200
1467.7	1663200
1467.8	1664100
1467.9	1665100
1468	1666000
1468.1	1667000
1468.2	1667900
1468.3	1668900
1468.4	1669800
1468.5	1670800
1468.6	1671700
1468.7	1672700
1468.8	1673600
1468.9	1674600
1469	1675500
1469.1	1676500
1469.2	1677400
1469.3	1678400
1469.4	1679300
1469.5	1680300
1469.6	1681200
1469.7	1682200
1469.8	1683100
1469.9	1684100
1470	1685000
1470.1	1686000
1470.2	1686900
1470.3	1687900
1470.4	1688900
1470.5	1689800
1470.6	1690800
1470.7	1691800
1470.8	1692800
1470.9	1693700
1471	1694700
1471.1	1695700
1471.2	1696600
1471.3	1697600
1471.4	1698600
1471.5	1699600
1471.6	1700500
1471.7	1701500
1471.8	1702500
1471.9	1703400
1472	1704400
1472.1	1705400
1472.2	1706300
1472.3	1707300
1472.4	1708300
1472.5	1709300
1472.6	1710200
1472.7	1711200
1472.8	1712200
1472.9	1713100
1473	1714100
1473.1	1715100
1473.2	1716000
1473.3	1717000
1473.4	1718000
1473.5	1718900
1473.6	1719900
1473.7	1720900
1473.8	1721900
1473.9	1722800
1474	1723800
1474.1	1724800
1474.2	1725700
1474.3	1726700
1474.4	1727700
1474.5	1728700
1474.6	1729600
1474.7	1730600
1474.8	1731600
1474.9	1732500
1475	1733500
1475.1	1734500
1475.2	1735400
1475.3	1736400
1475.4	1737400
1475.5	1738300
1475.6	1739300
1475.7	1740300
1475.8	1741300
1475.9	1742200
1476	1743200
1476.1	1744200
1476.2	1745100
1476.3	1746100
1476.4	1747100
1476.5	1748100
1476.6	1749000
1476.7	1750000
1476.8	1751000
1476.9	1751900
1477	1752900
1477.1	1753900
1477.2	1754800
1477.3	1755800
1477.4	1756800
1477.5	1757800
1477.6	1758700
1477.7	1759700
1477.8	1760700
1477.9	1761600
1478	1762600
1478.1	1763600
1478.2	1764500
1478.3	1765500
1478.4	1766500
1478.5	1767400
1478.6	1768400
1478.7	1769400
1478.8	1770400
1478.9	1771300
1479	1772300
1479.1	1773300
1479.2	1774200
1479.3	1775200
1479.4	1776200
1479.5	1777200
1479.6	1778100
1479.7	1779100
1479.8	1780100
1479.9	1781000
1480	1782000
1480.1	1783000
1480.2	1784000
1480.3	1785100
1480.4	1786100
1480.5	1787100
1480.6	1788100
1480.7	1789100
1480.8	1790200
1480.9	1791200
1481	1792200
1481.1	1793200
1481.2	1794200
1481.3	1795300
1481.4	1796300
1481.5	1797300
1481.6	1798300
1481.7	1799300
1481.8	1800400
1481.9	1801400
1482	1802400
1482.1	1803400
1482.2	1804400
1482.3	1805500
1482.4	1806500
1482.5	1807500
1482.6	1808500
1482.7	1809500
1482.8	1810600
1482.9	1811600
1483	1812600
1483.1	1813600
1483.2	1814600
1483.3	1815700
1483.4	1816700
1483.5	1817700
1483.6	1818700
1483.7	1819700
1483.8	1820800
1483.9	1821800
1484	1822800
1484.1	1823800
1484.2	1824800
1484.3	1825900
1484.4	1826900
1484.5	1827900
1484.6	1828900
1484.7	1829900
1484.8	1831000
1484.9	1832000
1485	1833000
1485.1	1834000
1485.2	1835000
1485.3	1836100
1485.4	1837100
1485.5	1838100
1485.6	1839100
1485.7	1840100
1485.8	1841200
1485.9	1842200
1486	1843200
1486.1	1844200
1486.2	1845200
1486.3	1846300
1486.4	1847300
1486.5	1848300
1486.6	1849300
1486.7	1850300
1486.8	1851400
1486.9	1852400
1487	1853400
1487.1	1854400
1487.2	1855400
1487.3	1856500
1487.4	1857500
1487.5	1858500
1487.6	1859500
1487.7	1860500
1487.8	1861600
1487.9	1862600
1488	1863600
1488.1	1864600
1488.2	1865600
1488.3	1866700
1488.4	1867700
1488.5	1868700
1488.6	1869700
1488.7	1870700
1488.8	1871800
1488.9	1872800
1489	1873800
1489.1	1874800
1489.2	1875800
1489.3	1876900
1489.4	1877900
1489.5	1878900
1489.6	1879900
1489.7	1880900
1489.8	1882000
1489.9	1883000
1490	1884000
1490.1	1885100
1490.2	1886200
1490.3	1887300
1490.4	1888400
1490.5	1889500
1490.6	1890600
1490.7	1891700
1490.8	1892800
1490.9	1893900
1491	1895000
1491.1	1896100
1491.2	1897200
1491.3	1898300
1491.4	1899400
1491.5	1900500
1491.6	1901600
1491.7	1902700
1491.8	1903800
1491.9	1904900
1492	1906000
1492.1	1907100
1492.2	1908200
1492.3	1909300
1492.4	1910400
1492.5	1911400
1492.6	1912500
1492.7	1913600
1492.8	1914700
1492.9	1915800
1493	1916900
1493.1	1918000
1493.2	1919100
1493.3	1920200
1493.4	1921300
1493.5	1922400
1493.6	1923500
1493.7	1924600
1493.8	1925700
1493.9	1926800
1494	1927900
1494.1	1929000
1494.2	1930100
1494.3	1931200
1494.4	1932300
1494.5	1933400
1494.6	1934500
1494.7	1935600
1494.8	1936700
1494.9	1937800
1495	1938900
1495.1	1940000
1495.2	1941100
1495.3	1942200
1495.4	1943300
1495.5	1944400
1495.6	1945500
1495.7	1946600
1495.8	1947700
1495.9	1948800
1496	1949900
1496.1	1951000
1496.2	1952100
1496.3	1953200
1496.4	1954300
1496.5	1955400
1496.6	1956500
1496.7	1957600
1496.8	1958700
1496.9	1959800
1497	1960900
1497.1	1962000
1497.2	1963100
1497.3	1964200
1497.4	1965300
1497.5	1966300
1497.6	1967400
1497.7	1968500
1497.8	1969600
1497.9	1970700
1498	1971800
1498.1	1972900
1498.2	1974000
1498.3	1975100
1498.4	1976200
1498.5	1977300
1498.6	1978400
1498.7	1979500
1498.8	1980600
1498.9	1981700
1499	1982800
1499.1	1983900
1499.2	1985000
1499.3	1986100
1499.4	1987200
1499.5	1988300
1499.6	1989400
1499.7	1990500
1499.8	1991600
1499.9	1992700
1500	1993800
1500.1	1995000
1500.2	1996200
1500.3	1997300
1500.4	1998500
1500.5	1999700
1500.6	2000900
1500.7	2002100
1500.8	2003200
1500.9	2004400
1501	2005600
1501.1	2006800
1501.2	2007900
1501.3	2009100
1501.4	2010300
1501.5	2011500
1501.6	2012700
1501.7	2013800
1501.8	2015000
1501.9	2016200
1502	2017400
1502.1	2018600
1502.2	2019700
1502.3	2020900
1502.4	2022100
1502.5	2023300
1502.6	2024500
1502.7	2025600
1502.8	2026800
1502.9	2028000
1503	2029200
1503.1	2030300
1503.2	2031500
1503.3	2032700
1503.4	2033900
1503.5	2035100
1503.6	2036200
1503.7	2037400
1503.8	2038600
1503.9	2039800
1504	2041000
1504.1	2042100
1504.2	2043300
1504.3	2044500
1504.4	2045700
1504.5	2046900
1504.6	2048000
1504.7	2049200
1504.8	2050400
1504.9	2051600
1505	2052800
1505.1	2053900
1505.2	2055100
1505.3	2056300
1505.4	2057500
1505.5	2058600
1505.6	2059800
1505.7	2061000
1505.8	2062200
1505.9	2063400
1506	2064500
1506.1	2065700
1506.2	2066900
1506.3	2068100
1506.4	2069300
1506.5	2070400
1506.6	2071600
1506.7	2072800
1506.8	2074000
1506.9	2075200
1507	2076300
1507.1	2077500
1507.2	2078700
1507.3	2079900
1507.4	2081000
1507.5	2082200
1507.6	2083400
1507.7	2084600
1507.8	2085800
1507.9	2086900
1508	2088100
1508.1	2089300
1508.2	2090500
1508.3	2091700
1508.4	2092800
1508.5	2094000
1508.6	2095200
1508.7	2096400
1508.8	2097600
1508.9	2098700
1509	2099900
1509.1	2101100
1509.2	2102300
1509.3	2103400
1509.4	2104600
1509.5	2105800
1509.6	2107000
1509.7	2108200
1509.8	2109300
1509.9	2110500
1510	2111700
1510.1	2113000
1510.2	2114200
1510.3	2115500
1510.4	2116800
1510.5	2118000
1510.6	2119300
1510.7	2120500
1510.8	2121800
1510.9	2123100
1511	2124300
1511.1	2125600
1511.2	2126900
1511.3	2128100
1511.4	2129400
1511.5	2130600
1511.6	2131900
1511.7	2133200
1511.8	2134400
1511.9	2135700
1512	2137000
1512.1	2138200
1512.2	2139500
1512.3	2140700
1512.4	2142000
1512.5	2143300
1512.6	2144500
1512.7	2145800
1512.8	2147100
1512.9	2148300
1513	2149600
1513.1	2150900
1513.2	2152100
1513.3	2153400
1513.4	2154600
1513.5	2155900
1513.6	2157200
1513.7	2158400
1513.8	2159700
1513.9	2161000
1514	2162200
1514.1	2163500
1514.2	2164700
1514.3	2166000
1514.4	2167300
1514.5	2168500
1514.6	2169800
1514.7	2171100
1514.8	2172300
1514.9	2173600
1515	2174900
1515.1	2176100
1515.2	2177400
1515.3	2178600
1515.4	2179900
1515.5	2181200
1515.6	2182400
1515.7	2183700
1515.8	2185000
1515.9	2186200
1516	2187500
1516.1	2188700
1516.2	2190000
1516.3	2191300
1516.4	2192500
1516.5	2193800
1516.6	2195100
1516.7	2196300
1516.8	2197600
1516.9	2198800
1517	2200100
1517.1	2201400
1517.2	2202600
1517.3	2203900
1517.4	2205200
1517.5	2206400
1517.6	2207700
1517.7	2209000
1517.8	2210200
1517.9	2211500
1518	2212700
1518.1	2214000
1518.2	2215300
1518.3	2216500
1518.4	2217800
1518.5	2219100
1518.6	2220300
1518.7	2221600
1518.8	2222800
1518.9	2224100
1519	2225400
1519.1	2226600
1519.2	2227900
1519.3	2229200
1519.4	2230400
1519.5	2231700
1519.6	2232900
1519.7	2234200
1519.8	2235500
1519.9	2236700
1520	2238000
1520.1	2239300
1520.2	2240700
1520.3	2242000
1520.4	2243300
1520.5	2244600
1520.6	2246000
1520.7	2247300
1520.8	2248600
1520.9	2249900
1521	2251300
1521.1	2252600
1521.2	2253900
1521.3	2255300
1521.4	2256600
1521.5	2257900
1521.6	2259200
1521.7	2260600
1521.8	2261900
1521.9	2263200
1522	2264500
1522.1	2265900
1522.2	2267200
1522.3	2268500
1522.4	2269800
1522.5	2271200
1522.6	2272500
1522.7	2273800
1522.8	2275200
1522.9	2276500
1523	2277800
1523.1	2279100
1523.2	2280500
1523.3	2281800
1523.4	2283100
1523.5	2284400
1523.6	2285800
1523.7	2287100
1523.8	2288400
1523.9	2289800
1524	2291100
1524.1	2292400
1524.2	2293700
1524.3	2295100
1524.4	2296400
1524.5	2297700
1524.6	2299000
1524.7	2300400
1524.8	2301700
1524.9	2303000
1525	2304400
1525.1	2305700
1525.2	2307000
1525.3	2308300
1525.4	2309700
1525.5	2311000
1525.6	2312300
1525.7	2313600
1525.8	2315000
1525.9	2316300
1526	2317600
1526.1	2318900
1526.2	2320300
1526.3	2321600
1526.4	2322900
1526.5	2324300
1526.6	2325600
1526.7	2326900
1526.8	2328200
1526.9	2329600
1527	2330900
1527.1	2332200
1527.2	2333500
1527.3	2334900
1527.4	2336200
1527.5	2337500
1527.6	2338900
1527.7	2340200
1527.8	2341500
1527.9	2342800
1528	2344200
1528.1	2345500
1528.2	2346800
1528.3	2348100
1528.4	2349500
1528.5	2350800
1528.6	2352100
1528.7	2353400
1528.8	2354800
1528.9	2356100
1529	2357400
1529.1	2358800
1529.2	2360100
1529.3	2361400
1529.4	2362700
1529.5	2364100
1529.6	2365400
1529.7	2366700
1529.8	2368000
1529.9	2369400
1530	2370700
1530.1	2372100
1530.2	2373400
1530.3	2374800
1530.4	2376200
1530.5	2377500
1530.6	2378900
1530.7	2380300
1530.8	2381700
1530.9	2383000
1531	2384400
1531.1	2385800
1531.2	2387100
1531.3	2388500
1531.4	2389900
1531.5	2391200
1531.6	2392600
1531.7	2394000
1531.8	2395300
1531.9	2396700
1532	2398100
1532.1	2399400
1532.2	2400800
1532.3	2402200
1532.4	2403600
1532.5	2404900
1532.6	2406300
1532.7	2407700
1532.8	2409000
1532.9	2410400
1533	2411800
1533.1	2413100
1533.2	2414500
1533.3	2415900
1533.4	2417200
1533.5	2418600
1533.6	2420000
1533.7	2421400
1533.8	2422700
1533.9	2424100
1534	2425500
1534.1	2426800
1534.2	2428200
1534.3	2429600
1534.4	2430900
1534.5	2432300
1534.6	2433700
1534.7	2435000
1534.8	2436400
1534.9	2437800
1535	2439100
1535.1	2440500
1535.2	2441900
1535.3	2443300
1535.4	2444600
1535.5	2446000
1535.6	2447400
1535.7	2448700
1535.8	2450100
1535.9	2451500
1536	2452800
1536.1	2454200
1536.2	2455600
1536.3	2456900
1536.4	2458300
1536.5	2459700
1536.6	2461100
1536.7	2462400
1536.8	2463800
1536.9	2465200
1537	2466500
1537.1	2467900
1537.2	2469300
1537.3	2470600
1537.4	2472000
1537.5	2473400
1537.6	2474700
1537.7	2476100
1537.8	2477500
1537.9	2478900
1538	2480200
1538.1	2481600
1538.2	2483000
1538.3	2484300
1538.4	2485700
1538.5	2487100
1538.6	2488400
1538.7	2489800
1538.8	2491200
1538.9	2492500
1539	2493900
1539.1	2495300
1539.2	2496600
1539.3	2498000
1539.4	2499400
1539.5	2500800
1539.6	2502100
1539.7	2503500
1539.8	2504900
1539.9	2506200
1540	2507600
1540.1	2509000
1540.2	2510400
1540.3	2511800
1540.4	2513200
1540.5	2514700
1540.6	2516100
1540.7	2517500
1540.8	2518900
1540.9	2520300
1541	2521700
1541.1	2523100
1541.2	2524500
1541.3	2525900
1541.4	2527400
1541.5	2528800
1541.6	2530200
1541.7	2531600
1541.8	2533000
1541.9	2534400
1542	2535800
1542.1	2537200
1542.2	2538600
1542.3	2540100
1542.4	2541500
1542.5	2542900
1542.6	2544300
1542.7	2545700
1542.8	2547100
1542.9	2548500
1543	2549900
1543.1	2551300
1543.2	2552800
1543.3	2554200
1543.4	2555600
1543.5	2557000
1543.6	2558400
1543.7	2559800
1543.8	2561200
1543.9	2562600
1544	2564000
1544.1	2565500
1544.2	2566900
1544.3	2568300
1544.4	2569700
1544.5	2571100
1544.6	2572500
1544.7	2573900
1544.8	2575300
1544.9	2576700
1545	2578100
1545.1	2579600
1545.2	2581000
1545.3	2582400
1545.4	2583800
1545.5	2585200
1545.6	2586600
1545.7	2588000
1545.8	2589400
1545.9	2590800
1546	2592300
1546.1	2593700
1546.2	2595100
1546.3	2596500
1546.4	2597900
1546.5	2599300
1546.6	2600700
1546.7	2602100
1546.8	2603500
1546.9	2605000
1547	2606400
1547.1	2607800
1547.2	2609200
1547.3	2610600
1547.4	2612000
1547.5	2613400
1547.6	2614800
1547.7	2616200
1547.8	2617700
1547.9	2619100
1548	2620500
1548.1	2621900
1548.2	2623300
1548.3	2624700
1548.4	2626100
1548.5	2627500
1548.6	2628900
1548.7	2630400
1548.8	2631800
1548.9	2633200
1549	2634600
1549.1	2636000
1549.2	2637400
1549.3	2638800
1549.4	2640200
1549.5	2641600
1549.6	2643100
1549.7	2644500
1549.8	2645900
1549.9	2647300
1550	2648700
1550.1	2650200
1550.2	2651600
1550.3	2653100
1550.4	2654500
1550.5	2656000
1550.6	2657400
1550.7	2658900
1550.8	2660300
1550.9	2661800
1551	2663200
1551.1	2664700
1551.2	2666100
1551.3	2667600
1551.4	2669000
1551.5	2670500
1551.6	2671900
1551.7	2673400
1551.8	2674900
1551.9	2676300
1552	2677800
1552.1	2679200
1552.2	2680700
1552.3	2682100
1552.4	2683600
1552.5	2685000
1552.6	2686500
1552.7	2687900
1552.8	2689400
1552.9	2690800
1553	2692300
1553.1	2693700
1553.2	2695200
1553.3	2696600
1553.4	2698100
1553.5	2699600
1553.6	2701000
1553.7	2702500
1553.8	2703900
1553.9	2705400
1554	2706800
1554.1	2708300
1554.2	2709700
1554.3	2711200
1554.4	2712600
1554.5	2714100
1554.6	2715500
1554.7	2717000
1554.8	2718400
1554.9	2719900
1555	2721400
1555.1	2722800
1555.2	2724300
1555.3	2725700
1555.4	2727200
1555.5	2728600
1555.6	2730100
1555.7	2731500
1555.8	2733000
1555.9	2734400
1556	2735900
1556.1	2737300
1556.2	2738800
1556.3	2740200
1556.4	2741700
1556.5	2743100
1556.6	2744600
1556.7	2746100
1556.8	2747500
1556.9	2749000
1557	2750400
1557.1	2751900
1557.2	2753300
1557.3	2754800
1557.4	2756200
1557.5	2757700
1557.6	2759100
1557.7	2760600
1557.8	2762000
1557.9	2763500
1558	2764900
1558.1	2766400
1558.2	2767800
1558.3	2769300
1558.4	2770800
1558.5	2772200
1558.6	2773700
1558.7	2775100
1558.8	2776600
1558.9	2778000
1559	2779500
1559.1	2780900
1559.2	2782400
1559.3	2783800
1559.4	2785300
1559.5	2786700
1559.6	2788200
1559.7	2789600
1559.8	2791100
1559.9	2792500
1560	2794000
1560.1	2795500
1560.2	2797100
1560.3	2798600
1560.4	2800100
1560.5	2801600
1560.6	2803200
1560.7	2804700
1560.8	2806200
1560.9	2807700
1561	2809300
1561.1	2810800
1561.2	2812300
1561.3	2813800
1561.4	2815400
1561.5	2816900
1561.6	2818400
1561.7	2819900
1561.8	2821500
1561.9	2823000
1562	2824500
1562.1	2826000
1562.2	2827600
1562.3	2829100
1562.4	2830600
1562.5	2832100
1562.6	2833700
1562.7	2835200
1562.8	2836700
1562.9	2838300
1563	2839800
1563.1	2841300
1563.2	2842800
1563.3	2844400
1563.4	2845900
1563.5	2847400
1563.6	2848900
1563.7	2850500
1563.8	2852000
1563.9	2853500
1564	2855000
1564.1	2856600
1564.2	2858100
1564.3	2859600
1564.4	2861100
1564.5	2862700
1564.6	2864200
1564.7	2865700
1564.8	2867200
1564.9	2868800
1565	2870300
1565.1	2871800
1565.2	2873400
1565.3	2874900
1565.4	2876400
1565.5	2877900
1565.6	2879500
1565.7	2881000
1565.8	2882500
1565.9	2884000
1566	2885600
1566.1	2887100
1566.2	2888600
1566.3	2890100
1566.4	2891700
1566.5	2893200
1566.6	2894700
1566.7	2896200
1566.8	2897800
1566.9	2899300
1567	2900800
1567.1	2902300
1567.2	2903900
1567.3	2905400
1567.4	2906900
1567.5	2908400
1567.6	2910000
1567.7	2911500
1567.8	2913000
1567.9	2914600
1568	2916100
1568.1	2917600
1568.2	2919100
1568.3	2920700
1568.4	2922200
1568.5	2923700
1568.6	2925200
1568.7	2926800
1568.8	2928300
1568.9	2929800
1569	2931300
1569.1	2932900
1569.2	2934400
1569.3	2935900
1569.4	2937400
1569.5	2939000
1569.6	2940500
1569.7	2942000
1569.8	2943500
1569.9	2945100
1570	2946600
1570.1	2948200
1570.2	2949900
1570.3	2951500
1570.4	2953100
1570.5	2954800
1570.6	2956400
1570.7	2958000
1570.8	2959600
1570.9	2961300
1571	2962900
1571.1	2964500
1571.2	2966200
1571.3	2967800
1571.4	2969400
1571.5	2971100
1571.6	2972700
1571.7	2974300
1571.8	2975900
1571.9	2977600
1572	2979200
1572.1	2980800
1572.2	2982500
1572.3	2984100
1572.4	2985700
1572.5	2987400
1572.6	2989000
1572.7	2990600
1572.8	2992200
1572.9	2993900
1573	2995500
1573.1	2997100
1573.2	2998800
1573.3	3000400
1573.4	3002000
1573.5	3003600
1573.6	3005300
1573.7	3006900
1573.8	3008500
1573.9	3010200
1574	3011800
1574.1	3013400
1574.2	3015100
1574.3	3016700
1574.4	3018300
1574.5	3019900
1574.6	3021600
1574.7	3023200
1574.8	3024800
1574.9	3026500
1575	3028100
1575.1	3029700
1575.2	3031400
1575.3	3033000
1575.4	3034600
1575.5	3036300
1575.6	3037900
1575.7	3039500
1575.8	3041100
1575.9	3042800
1576	3044400
1576.1	3046000
1576.2	3047700
1576.3	3049300
1576.4	3050900
1576.5	3052600
1576.6	3054200
1576.7	3055800
1576.8	3057400
1576.9	3059100
1577	3060700
1577.1	3062300
1577.2	3064000
1577.3	3065600
1577.4	3067200
1577.5	3068900
1577.6	3070500
1577.7	3072100
1577.8	3073700
1577.9	3075400
1578	3077000
1578.1	3078600
1578.2	3080300
1578.3	3081900
1578.4	3083500
1578.5	3085100
1578.6	3086800
1578.7	3088400
1578.8	3090000
1578.9	3091700
1579	3093300
1579.1	3094900
1579.2	3096600
1579.3	3098200
1579.4	3099800
1579.5	3101400
1579.6	3103100
1579.7	3104700
1579.8	3106300
1579.9	3108000
1580	3109600
1580.1	3111300
1580.2	3113100
1580.3	3114800
1580.4	3116500
1580.5	3118300
1580.6	3120000
1580.7	3121800
1580.8	3123500
1580.9	3125200
1581	3127000
1581.1	3128700
1581.2	3130400
1581.3	3132200
1581.4	3133900
1581.5	3135600
1581.6	3137400
1581.7	3139100
1581.8	3140800
1581.9	3142600
1582	3144300
1582.1	3146100
1582.2	3147800
1582.3	3149500
1582.4	3151300
1582.5	3153000
1582.6	3154700
1582.7	3156500
1582.8	3158200
1582.9	3159900
1583	3161700
1583.1	3163400
1583.2	3165200
1583.3	3166900
1583.4	3168600
1583.5	3170400
1583.6	3172100
1583.7	3173800
1583.8	3175600
1583.9	3177300
1584	3179000
1584.1	3180800
1584.2	3182500
1584.3	3184200
1584.4	3186000
1584.5	3187700
1584.6	3189500
1584.7	3191200
1584.8	3192900
1584.9	3194700
1585	3196400
1585.1	3198100
1585.2	3199900
1585.3	3201600
1585.4	3203300
1585.5	3205100
1585.6	3206800
1585.7	3208600
1585.8	3210300
1585.9	3212000
1586	3213800
1586.1	3215500
1586.2	3217200
1586.3	3219000
1586.4	3220700
1586.5	3222400
1586.6	3224200
1586.7	3225900
1586.8	3227600
1586.9	3229400
1587	3231100
1587.1	3232900
1587.2	3234600
1587.3	3236300
1587.4	3238100
1587.5	3239800
1587.6	3241500
1587.7	3243300
1587.8	3245000
1587.9	3246700
1588	3248500
1588.1	3250200
1588.2	3252000
1588.3	3253700
1588.4	3255400
1588.5	3257200
1588.6	3258900
1588.7	3260600
1588.8	3262400
1588.9	3264100
1589	3265800
1589.1	3267600
1589.2	3269300
1589.3	3271000
1589.4	3272800
1589.5	3274500
1589.6	3276300
1589.7	3278000
1589.8	3279700
1589.9	3281500
1590	3283200
1590.1	3285000
1590.2	3286900
1590.3	3288700
1590.4	3290600
1590.5	3292400
1590.6	3294300
1590.7	3296100
1590.8	3298000
1590.9	3299800
1591	3301700
1591.1	3303500
1591.2	3305400
1591.3	3307200
1591.4	3309100
1591.5	3310900
1591.6	3312800
1591.7	3314600
1591.8	3316500
1591.9	3318300
1592	3320200
1592.1	3322000
1592.2	3323900
1592.3	3325700
1592.4	3327600
1592.5	3329400
1592.6	3331200
1592.7	3333100
1592.8	3334900
1592.9	3336800
1593	3338600
1593.1	3340500
1593.2	3342300
1593.3	3344200
1593.4	3346000
1593.5	3347900
1593.6	3349700
1593.7	3351600
1593.8	3353400
1593.9	3355300
1594	3357100
1594.1	3359000
1594.2	3360800
1594.3	3362700
1594.4	3364500
1594.5	3366400
1594.6	3368200
1594.7	3370100
1594.8	3371900
1594.9	3373800
1595	3375600
1595.1	3377400
1595.2	3379300
1595.3	3381100
1595.4	3383000
1595.5	3384800
1595.6	3386700
1595.7	3388500
1595.8	3390400
1595.9	3392200
1596	3394100
1596.1	3395900
1596.2	3397800
1596.3	3399600
1596.4	3401500
1596.5	3403300
1596.6	3405200
1596.7	3407000
1596.8	3408900
1596.9	3410700
1597	3412600
1597.1	3414400
1597.2	3416300
1597.3	3418100
1597.4	3420000
1597.5	3421800
1597.6	3423600
1597.7	3425500
1597.8	3427300
1597.9	3429200
1598	3431000
1598.1	3432900
1598.2	3434700
1598.3	3436600
1598.4	3438400
1598.5	3440300
1598.6	3442100
1598.7	3444000
1598.8	3445800
1598.9	3447700
1599	3449500
1599.1	3451400
1599.2	3453200
1599.3	3455100
1599.4	3456900
1599.5	3458800
1599.6	3460600
1599.7	3462500
1599.8	3464300
1599.9	3466200
1600	3468000
