time	ModDworshakFlowData
1	88924
2	63074
3	93219
4	84354
5	67723
6	58577
7	56120
8	176028
9	342027
10	876004
11	560049
12	161630
13	75510
14	56975
15	68162
16	50705
17	109054
18	55553
19	171990
20	262687
21	864798
22	608223
23	304153
24	120925
25	62336
26	60396
27	87929
28	104788
29	72378
30	97499
31	102930
32	302811
33	579507
34	815060
35	244798
36	96033
37	54496
38	56945
39	62419
40	77928
41	79457
42	80015
43	90706
44	386528
45	947805
46	1.65E+06
47	763998
48	212216
49	90214
50	63342
51	76823
52	191449
53	138794
54	144544
55	80394
56	214116
57	682805
58	1.05E+06
59	1.43E+06
60	277908
61	101396
62	87590
63	207269
64	323554
65	1.13E+06
66	852601
67	425791
68	898116
69	1.25E+06
70	690408
71	246911
72	104996
73	60658
74	56082
75	97711
76	172380
77	138622
78	134814
79	127031
80	250350
81	624640
82	1.11E+06
83	578228
84	176546
85	77807
86	54089
87	60025
88	60123
89	61858
90	93568
91	60650
92	217928
93	1.13E+06
94	1.39E+06
95	430331
96	134417
97	65284
98	56856
99	52183
100	49053
101	67592
102	42258
103	49983
104	123738
105	419204
106	942591
107	489894
108	148047
109	73713
110	51500
111	56429
112	115437
113	153502
114	155356
115	121239
116	356967
117	900470
118	1.07E+06
119	560376
120	169304
121	81397
122	60218
123	76423
124	90539
125	116312
126	100290
127	76470
128	286284
129	757988
130	956580
131	331347
132	135151
133	63076
134	53940
135	64216
136	62580
137	144431
138	135710
139	240576
140	490134
141	692891
142	750876
143	288563
144	103562
145	56511
146	58581
147	82673
148	105034
149	178321
150	155216
151	134151
152	240185
153	344170
154	527864
155	350983
156	130896
157	73489
158	107136
159	137013
160	223520
161	374558
162	181760
163	141762
164	192606
165	617917
166	529732
167	393885
168	191628
169	82506
170	63163
171	63889
172	189982
173	171198
174	175066
175	132753
176	299560
177	1.19E+06
178	1.13E+06
179	1.02E+06
180	401307
181	114087
182	70155
183	82613
184	86828
185	115824
186	69012
187	87246
188	117952
189	422982
190	602882
191	313257
192	124496
193	68939
194	59295
195	64010
196	81790
197	76976
198	196781
199	179120
200	208182
201	410576
202	1.13E+06
203	546215
204	170962
205	77004
206	78664
207	78341
208	174832
209	196573
210	213930
211	128286
212	377414
213	809132
214	1.11E+06
215	562132
216	239181
217	97604
218	80687
219	145836
220	224006
221	612746
222	246086
223	318347
224	450808
225	732104
226	1.25E+06
227	550648
228	189438
229	93867
230	88452
231	197800
232	236051
233	225692
234	322407
235	223367
236	264010
237	782206
238	1.75E+06
239	1.11E+06
240	275728
241	149505
242	89880
243	92733
244	129403
245	99179
246	84795
247	128758
248	395444
249	996926
250	1.68E+06
251	623718
252	193244
253	87298
254	71970
255	93716
256	138124
257	134250
258	135905
259	183928
260	424301
261	851677
262	1.28E+06
263	1.41E+06
264	497433
265	150947
266	93064
267	180743
268	285283
269	377220
270	273525
271	423490
272	279297
273	921267
274	1.11E+06
275	570343
276	219470
277	94510
278	74975
279	190946
280	163871
281	198988
282	117000
283	147030
284	192120
285	932959
286	1.27E+06
287	567219
288	214533
289	90684
290	65900
291	56144
292	57429
293	63671
294	260212
295	276236
296	251826
297	513904
298	940028
299	898387
300	278571
301	101829
302	64502
303	60720
304	92284
305	135891
306	125454
307	231989
308	295989
309	795833
310	1.40E+06
311	903475
312	406486
313	140465
314	101484
315	102553
316	131307
317	109681
318	99760
319	93607
320	100214
321	386834
322	1.11E+06
323	1.09E+06
324	413309
325	127140
326	90089
327	139776
328	253484
329	467787
330	297636
331	157818
332	327772
333	1.14E+06
334	1.66E+06
335	827727
336	286556
337	120576
338	85358
339	100323
340	126646
341	192778
342	109941
343	162314
344	381074
345	744065
346	1.53E+06
347	700151
348	195823
349	95779
350	65186
351	81431
352	83099
353	110362
354	108632
355	305532
356	262136
357	730349
358	1.35E+06
359	535266
360	167229
361	83690
362	79914
363	121826
364	379945
365	452016
366	489773
367	248470
368	329809
369	827280
370	1.12E+06
371	950989
372	257875
373	103548
374	171163
375	356128
376	421915
377	270036
378	169881
379	198931
380	423976
381	809995
382	935845
383	764831
384	203033
385	106409
386	73755
387	89315
388	157104
389	110135
390	127737
391	504098
392	447906
393	690065
394	1.21E+06
395	826745
396	175356
397	77402
398	78069
399	99954
400	89644
401	109542
402	172152
403	190414
404	217484
405	1.03E+06
406	1.11E+06
407	693754
408	204834
409	93625
410	76284
411	170460
412	232812
413	274663
414	164683
415	391435
416	334040
417	483617
418	725916
419	433991
420	160759
421	77869
422	68191
423	66420
424	107561
425	79771
426	79866
427	75959
428	123805
429	529881
430	1.19E+06
431	1.33E+06
432	356191
433	140348
434	122221
435	122001
436	184497
437	610808
438	393794
439	369893
440	379856
441	1.09E+06
442	1.19E+06
443	792798
444	241139
445	129204
446	103745
447	93211
448	144640
449	115737
450	141498
451	90662
452	298243
453	700359
454	825194
455	458447
456	165750
457	77484
458	53583
459	73305
460	129458
461	203164
462	293340
463	245239
464	288845
465	426701
466	1.05E+06
467	967531
468	249362
469	86802
470	64324
471	122488
472	159323
473	136508
474	147190
475	492068
476	496154
477	415782
478	762318
479	613275
480	183952
481	103507
482	141916
483	213597
484	293355
485	225769
486	386098
487	176153
488	308108
489	991927
490	1.18E+06
491	527382
492	179509
493	84799
494	69530
495	93367
496	79412
497	113194
498	255670
499	275405
500	291535
501	359730
502	1.05E+06
503	978033
504	230539
505	99647
506	92023
507	94252
508	191683
509	186766
510	307085
511	489581
512	334661
513	722703
514	1.82E+06
515	1.12E+06
516	385517
517	132380
518	95146
519	94974
520	102953
521	91882
522	189904
523	244068
524	1.01E+06
525	757126
526	1.96E+06
527	1.54E+06
528	430926
529	163034
530	92112
531	85354
532	88000
533	169562
534	246935
535	121604
536	220588
537	295198
538	559157
539	313555
540	94464
541	35308
542	37190
543	68792
544	286257
545	328663
546	685118
547	303136
548	503723
549	999752
550	1.32E+06
551	1.96E+06
552	475929
553	132122
554	53077
555	59333
556	73098
557	63659
558	139267
559	108977
560	260206
561	417776
562	1.14E+06
563	1.31E+06
564	475304
565	162929
566	70631
567	149688
568	227818
569	615943
570	367568
571	250610
572	301688
573	822074
574	1.57E+06
575	826953
576	305564
577	159418
578	76611
579	80126
580	76260
581	64639
582	61547
583	85471
584	133225
585	373356
586	521396
587	255063
588	80009
589	70970
590	88185
591	108442
592	188429
593	623889
594	242599
595	263707
596	519735
597	654065
598	831168
599	645407
600	232104
601	110195
602	65216
603	70782
604	75324
605	60253
606	64070
607	154091
608	405677
609	600899
610	1.34E+06
611	582750
612	161695
613	82922
614	53702
615	73588
616	43646
617	124984
618	111278
619	182571
620	274636
621	635530
622	834159
623	516701
624	189934
625	93274
626	64115
627	63153
628	93933
629	387984
630	314592
631	408761
632	313329
633	530268
634	752246
635	730646
636	263405
637	108824
638	47484
639	97810
640	137251
641	221967
642	148119
643	601390
644	596132
645	640915
646	1.34E+06
647	1.17E+06
648	349225
649	126683
650	67239
651	112930
652	110379
653	166862
654	232073
655	330880
656	548041
657	451425
658	842200
659	622052
660	285076
661	123107
662	63104
663	90904
664	228990
665	159416
666	270165
667	237610
668	467977
669	614614
670	992282
671	966460
672	275962
673	111449
674	59028
675	101470
676	181992
677	114509
678	61767
679	90206
680	183869
681	856437
682	1.18E+06
683	740465
684	137511
685	70988
686	138435
687	167305
688	270665
689	122473
690	129351
691	477978
692	895712
693	724845
694	800899
695	379753
696	125880
697	70464
698	46770
699	80397
700	140441
701	87117
702	66083
703	124161
704	380023
705	563500
706	606135
707	212547
708	104370
709	61922
710	15382
711	35782
712	35405
713	39237
714	82897
715	99054
716	248884
717	603993
718	551395
719	314209
720	117439
721	51425
722	34215
723	68459
724	132116
725	91055
726	80790
727	75151
728	353885
729	933524
730	921344
731	592419
732	155912
733	79170
734	57719
735	73443
736	164040
737	210320
738	242281
739	182504
740	373356
741	942182
742	783523
743	754597
744	236214
745	111403
746	12407
747	107561
748	335950
749	149870
750	133439
751	420003
752	358815
753	612591
754	933907
755	714967
756	303683
757	79297
758	13478
759	64688
760	119612
761	138404
762	110036
763	273243
764	389698
765	507269
766	550152
767	198623
768	135665
769	83613
770	102227
771	81518
772	122927
773	81687
774	75794
775	87470
776	413452
777	580756
778	1.07E+06
779	397693
780	183412
781	117712
782	79051
783	86469
784	73003
785	92707
786	139221
787	82204
788	263641
789	556538
790	485925
791	270385
792	73305
793	63116
794	54892
795	75215
796	96906
797	121294
798	203138
799	639159
800	544370
801	420929
802	678870
803	481326
804	153339
805	63867
806	61081
807	167614
808	651497
809	871047
810	415598
811	932798
812	474425
813	1.04E+06
814	1.08E+06
815	769235
816	214612
817	65553
818	66347
819	94345
820	133376
821	192518
822	358554
823	295599
824	612091
825	1.06E+06
826	1.97E+06
827	1.27E+06
828	388990
829	115784
830	114574
831	144211
832	201299
833	149134
834	182014
835	225723
836	360513
837	514767
838	951768
839	441309
840	127128
841	71268
842	76314
843	75022
844	166363
845	232497
846	293459
847	233624
848	523627
849	615298
850	1.02E+06
851	1.10E+06
852	371028
853	109253
854	73071