time	ModLittleGooseFlowData
1	1311750
2	1219800
3	1430720
4	1574490
5	1343920
6	1366920
7	1125270
8	2083950
9	2784060
10	5232610
11	5305090
12	1950000
13	1125170
14	1006510
15	1098590
16	1062190
17	1594280
18	1074840
19	1818390
20	2030450
21	4223130
22	4411400
23	3457050
24	1503050
25	1149280
26	1103820
27	1265520
28	1140140
29	1023700
30	1151860
31	1081440
32	1983480
33	3151710
34	4562470
35	2231570
36	1020480
37	755253
38	851201
39	1039000
40	1165820
41	1181290
42	1075820
43	1009120
44	3538530
45	4890910
46	8793150
47	6294190
48	2394820
49	1190780
50	1076210
51	1190410
52	1581600
53	1347140
54	1350990
55	1039260
56	2027690
57	3693960
58	5481780
59	9590280
60	2383480
61	1225570
62	1103050
63	1338700
64	1807360
65	3156260
66	3166610
67	2039860
68	3427820
69	5411600
70	4192490
71	1956840
72	1074410
73	797697
74	872325
75	1129450
76	1399970
77	1324260
78	1292570
79	1246850
80	1736840
81	3453750
82	5402440
83	4481440
84	1707510
85	1057920
86	929805
87	1097970
88	1212830
89	1136860
90	1292530
91	1133900
92	2333590
93	6674120
94	8392620
95	4146760
96	1529160
97	1150820
98	1062200
99	1056100
100	1059820
101	1099560
102	935290
103	950993
104	1596470
105	2637030
106	5398600
107	3691850
108	1513510
109	903342
110	925551
111	1123210
112	1370220
113	1851230
114	1595480
115	1606670
116	3002140
117	5939690
118	8321460
119	6797860
120	2669090
121	1306740
122	1152020
123	1296280
124	1463570
125	1722880
126	1491370
127	1427310
128	2947480
129	4732960
130	6054390
131	2826700
132	1579630
133	967128
134	1017930
135	1146800
136	1130370
137	1349890
138	1464250
139	2035740
140	3477540
141	5003070
142	6109270
143	3384250
144	1396180
145	907470
146	1117630
147	1380890
148	1434020
149	1664130
150	1579010
151	1573840
152	2279560
153	2767160
154	4645540
155	4212420
156	1888670
157	1308270
158	1425800
159	1559970
160	2006900
161	2777060
162	1748250
163	1769990
164	2116270
165	5225320
166	5607490
167	5568720
168	2497540
169	1238790
170	1168740
171	1266640
172	1766520
173	1960650
174	2614430
175	2613330
176	4042350
177	9892230
178	7991450
179	8754400
180	5129450
181	1806170
182	1398520
183	1660340
184	1672250
185	1655000
186	1391240
187	1354250
188	1715320
189	3012880
190	4477130
191	4061960
192	1894560
193	1231810
194	1152740
195	1182030
196	1392810
197	1260840
198	1696580
199	1949480
200	2165540
201	2847020
202	7169570
203	6070930
204	2278790
205	1251240
206	1313720
207	1671840
208	1818190
209	2081640
210	2278070
211	1878750
212	3776050
213	6471300
214	8342250
215	4944230
216	2226660
217	1304730
218	1437080
219	1804940
220	2299700
221	3887690
222	2213030
223	2658180
224	3528080
225	4529100
226	9240230
227	5694510
228	2286620
229	1338770
230	1314410
231	1764250
232	2197780
233	2366580
234	2646030
235	2255760
236	2498750
237	4882130
238	11469600
239	10532600
240	2975660
241	1602290
242	1290250
243	1408180
244	1649660
245	1646170
246	1558540
247	2035680
248	4036060
249	5919970
250	10849500
251	5319930
252	1888920
253	1199650
254	1166360
255	1411900
256	1690080
257	1826780
258	1926440
259	2498800
260	3969960
261	5772990
262	7191950
263	9523040
264	4377020
265	1840900
266	1604160
267	2216450
268	2640860
269	2769460
270	2586220
271	3532710
272	3214980
273	6627970
274	8567640
275	5806520
276	2798540
277	1489570
278	1509160
279	2207940
280	1982070
281	2301130
282	2005290
283	2335030
284	2945780
285	9213980
286	11557000
287	6909810
288	2831890
289	1426630
290	1272990
291	1286700
292	1451240
293	1533520
294	2673130
295	2653320
296	2578870
297	3905320
298	6428470
299	9337210
300	3794010
301	1511920
302	1295630
303	1318690
304	1476050
305	1800420
306	1866260
307	2350740
308	2629030
309	4369060
310	8076050
311	6127870
312	3247180
313	1516360
314	1356030
315	1307070
316	1452470
317	1518900
318	1482730
319	1347170
320	1486370
321	2915860
322	6141590
323	7709360
324	3233280
325	1363560
326	1190110
327	1444940
328	1866560
329	3347420
330	3310980
331	2228910
332	4083470
333	7857050
334	11494100
335	8587460
336	2707150
337	1550810
338	1383490
339	1768410
340	1872600
341	2091140
342	1769820
343	2455950
344	4091030
345	5212560
346	12129900
347	7526480
348	2302000
349	1355570
350	1290990
351	1597140
352	1570330
353	1869230
354	1692360
355	2972940
356	2514370
357	5296490
358	10774000
359	6391510
360	2160480
361	1338250
362	1264250
363	1450360
364	2189290
365	2718080
366	2997650
367	2328110
368	2468790
369	4429670
370	6406340
371	7540520
372	2443330
373	1414560
374	1782520
375	2692030
376	2457070
377	1985780
378	1807750
379	1992360
380	3554150
381	5200920
382	5832760
383	6245040
384	1969470
385	1303780
386	1200040
387	1291120
388	1565880
389	1351020
390	1298960
391	2629690
392	2669690
393	3279940
394	6373880
395	6081670
396	1602000
397	1013440
398	1154670
399	1380160
400	1461530
401	1526270
402	1731600
403	1988200
404	2197050
405	5936870
406	6563390
407	6222190
408	2263660
409	1372610
410	1180850
411	1998980
412	2154220
413	2629540
414	1771660
415	3393070
416	2473880
417	3379840
418	6405430
419	6443750
420	2496140
421	1398290
422	1367190
423	1354020
424	1597740
425	1455420
426	1516540
427	1528300
428	1996970
429	4139170
430	7458130
431	10805200
432	3400220
433	1626740
434	1567510
435	1512390
436	1896760
437	4076440
438	4021590
439	3985650
440	3891800
441	7743250
442	9526640
443	9946350
444	3909170
445	2261750
446	2044460
447	2236560
448	1717990
449	1699900
450	1711760
451	1443090
452	2494290
453	3763970
454	5088930
455	3584090
456	1609850
457	1041100
458	1079900
459	1264940
460	1472410
461	1672720
462	2041310
463	1845970
464	2167490
465	2636790
466	7228720
467	9092440
468	2985780
469	1326700
470	1211730
471	1888180
472	1989600
473	1872370
474	1882080
475	3105680
476	3081000
477	2491660
478	4978860
479	5673030
480	2025880
481	1547750
482	1808530
483	2145190
484	2424620
485	2084620
486	3237940
487	2147690
488	3142720
489	7382870
490	9818210
491	5593350
492	2213580
493	1326260
494	1272520
495	1451950
496	1514310
497	1655900
498	3172520
499	2788100
500	2730400
501	2615550
502	7999230
503	9409950
504	3236510
505	1437220
506	1791030
507	1652490
508	2306530
509	2423120
510	4066180
511	4284580
512	4115870
513	6569510
514	12491000
515	11034500
516	4386230
517	1954570
518	1754050
519	1792560
520	2241160
521	1895040
522	2885500
523	3235560
524	8070700
525	5445010
526	10093100
527	11437500
528	3283970
529	1728600
530	1799900
531	2127450
532	1741380
533	2049010
534	2131770
535	1608210
536	2212570
537	2437900
538	4904950
539	3492540
540	1554740
541	1057710
542	1175020
543	1487480
544	2661260
545	2990290
546	4771920
547	3087570
548	4921570
549	7746910
550	8893390
551	14018600
552	4544100
553	1996850
554	1343270
555	2001270
556	1590290
557	1586580
558	1969550
559	1983990
560	3089440
561	3773790
562	8110140
563	11194700
564	5821800
565	2231460
566	1678010
567	2501070
568	2227920
569	3802980
570	2891140
571	2381510
572	3081740
573	6548000
574	11118900
575	7773840
576	3097550
577	2053370
578	2026850
579	1696970
580	1473920
581	1405710
582	1388240
583	1357990
584	1396180
585	2162780
586	3023740
587	2453070
588	1147850
589	924738
590	1079400
591	1391660
592	1650470
593	3408290
594	2222840
595	2259530
596	3696970
597	5406900
598	6766540
599	6824600
600	3496790
601	1617250
602	1635130
603	1657590
604	1421300
605	1429080
606	1395000
607	1944420
608	3277830
609	3579540
610	7505350
611	4309170
612	1695700
613	1181190
614	1055060
615	1198670
616	1314450
617	1461580
618	1798870
619	1992450
620	2445000
621	4212450
622	7430530
623	6093240
624	2520130
625	1289790
626	1408570
627	1246360
628	1698490
629	2722440
630	2311470
631	2727540
632	2398130
633	3509050
634	5646310
635	6626630
636	2261670
637	1270210
638	1053250
639	1407370
640	1698690
641	2149090
642	2168240
643	4669230
644	4860410
645	6066080
646	9572740
647	10261500
648	5244380
649	1985060
650	1663610
651	2452250
652	2041270
653	2315520
654	3144750
655	3644640
656	6126210
657	5062730
658	8185100
659	7620110
660	3834560
661	2127830
662	1565040
663	2095070
664	2629870
665	2300520
666	3270170
667	2984820
668	5847140
669	6896100
670	10090000
671	11046600
672	4176390
673	2194110
674	1848870
675	2231160
676	2185570
677	1970180
678	1751770
679	1734660
680	2673370
681	6124420
682	7090920
683	4574620
684	1562260
685	1289700
686	1637100
687	1789760
688	1986500
689	1601790
690	2517240
691	5013850
692	7144000
693	6576000
694	7582740
695	6785930
696	2092430
697	1357930
698	1755930
699	2023130
700	1854010
701	1761920
702	1595710
703	1771980
704	2839050
705	3228290
706	4214990
707	2098220
708	1271020
709	1000460
710	914037
711	1041920
712	1168000
713	1179290
714	1158580
715	1284340
716	1880560
717	3544850
718	4663030
719	3488910
720	1317160
721	918004
722	874854
723	1026320
724	1407860
725	1328120
726	1206030
727	1131910
728	3848890
729	5866090
730	6086390
731	4936970
732	1779870
733	1260700
734	1163690
735	1308360
736	1543090
737	1475220
738	1531360
739	1353860
740	2278070
741	4449660
742	4549180
743	4969190
744	1713810
745	1114690
746	947776
747	1274080
748	1693500
749	1261050
750	1506700
751	1898260
752	1968280
753	2691470
754	5353590
755	5071620
756	2239960
757	1015340
758	957028
759	1040970
760	1385540
761	1391830
762	1242460
763	1731620
764	2211270
765	2781320
766	3692390
767	1632100
768	1199060
769	719162
770	798629
771	991427
772	1199030
773	1124670
774	1160850
775	1122030
776	3661900
777	4388820
778	8696520
779	6153580
780	2493320
781	1663400
782	1200130
783	1310140
784	1213990
785	1317570
786	1455730
787	1119220
788	2139140
789	3470260
790	4355300
791	2583270
792	1288870
793	882222
794	808210
795	1069820
796	1184620
797	1356350
798	1860480
799	3236560
800	3624310
801	3564210
802	7386330
803	7311050
804	3476400
805	1452370
806	1235710
807	1649820
808	2935820
809	4532980
810	3174990
811	5892950
812	5229690
813	7410660
814	8969990
815	9046830
816	3150910
817	1487010
818	1306430
819	1418710
820	1811020
821	2562250
822	5557720
823	4634620
824	6181180
825	7458350
826	12282200
827	10939600
828	3777820
829	1862900
830	1878680
831	2026040
832	2121140
833	1964230
834	2145710
835	2278380
836	3517790
837	4405360
838	9488530
839	7000260
840	3046940
841	1413210
842	1427700
843	1498690
844	1860410
845	2399580
846	2879180
847	2570440
848	5247260
849	5453220
850	7861510
851	9533450
852	3181660
853	1558640
854	1248860