Elevation	Volume
3336	0
3336.1	600
3336.2	1200
3336.3	1700
3336.4	2300
3336.5	2900
3336.6	3500
3336.7	4100
3336.8	4600
3336.9	5200
3337	5800
3337.1	6400
3337.2	7000
3337.3	7500
3337.4	8100
3337.5	8700
3337.6	9300
3337.7	9900
3337.8	10400
3337.9	11000
3338	11600
3338.1	12200
3338.2	12800
3338.3	13300
3338.4	13900
3338.5	14500
3338.6	15100
3338.7	15700
3338.8	16200
3338.9	16800
3339	17400
3339.1	18000
3339.2	18600
3339.3	19200
3339.4	19700
3339.5	20300
3339.6	20900
3339.7	21500
3339.8	22100
3339.9	22600
3340	23200
3340.1	23800
3340.2	24500
3340.3	25100
3340.4	25700
3340.5	26400
3340.6	27000
3340.7	27600
3340.8	28300
3340.9	28900
3341	29500
3341.1	30100
3341.2	30800
3341.3	31400
3341.4	32000
3341.5	32700
3341.6	33300
3341.7	33900
3341.8	34600
3341.9	35200
3342	35800
3342.1	36400
3342.2	37100
3342.3	37700
3342.4	38300
3342.5	39000
3342.6	39600
3342.7	40200
3342.8	40800
3342.9	41500
3343	42100
3343.1	42700
3343.2	43400
3343.3	44000
3343.4	44600
3343.5	45300
3343.6	45900
3343.7	46500
3343.8	47100
3343.9	47800
3344	48400
3344.1	49000
3344.2	49700
3344.3	50300
3344.4	50900
3344.5	51600
3344.6	52200
3344.7	52800
3344.8	53400
3344.9	54100
3345	54700
3345.1	55300
3345.2	56000
3345.3	56600
3345.4	57200
3345.5	57900
3345.6	58500
3345.7	59100
3345.8	59700
3345.9	60400
3346	61000
3346.1	61600
3346.2	62300
3346.3	62900
3346.4	63500
3346.5	64100
3346.6	64800
3346.7	65400
3346.8	66000
3346.9	66700
3347	67300
3347.1	67900
3347.2	68600
3347.3	69200
3347.4	69800
3347.5	70400
3347.6	71100
3347.7	71700
3347.8	72300
3347.9	73000
3348	73600
3348.1	74200
3348.2	74900
3348.3	75500
3348.4	76100
3348.5	76700
3348.6	77400
3348.7	78000
3348.8	78600
3348.9	79300
3349	79900
3349.1	80500
3349.2	81100
3349.3	81800
3349.4	82400
3349.5	83000
3349.6	83700
3349.7	84300
3349.8	84900
3349.9	85600
3350	86200
3350.1	86800
3350.2	87400
3350.3	88100
3350.4	88700
3350.5	89300
3350.6	90000
3350.7	90600
3350.8	91200
3350.9	91900
3351	92500
3351.1	93100
3351.2	93700
3351.3	94400
3351.4	95000
3351.5	95600
3351.6	96300
3351.7	96900
3351.8	97500
3351.9	98200
3352	98800
3352.1	99400
3352.2	100000
3352.3	100700
3352.4	101300
3352.5	101900
3352.6	102600
3352.7	103200
3352.8	103800
3352.9	104400
3353	105100
3353.1	105700
3353.2	106300
3353.3	107000
3353.4	107600
3353.5	108200
3353.6	108900
3353.7	109500
3353.8	110100
3353.9	110700
3354	111400
3354.1	112000
3354.2	112600
3354.3	113300
3354.4	113900
3354.5	114500
3354.6	115200
3354.7	115800
3354.8	116400
3354.9	117000
3355	117700
3355.1	118300
3355.2	118900
3355.3	119600
3355.4	120200
3355.5	120800
3355.6	121500
3355.7	122100
3355.8	122700
3355.9	123300
3356	124000
3356.1	124600
3356.2	125200
3356.3	125900
3356.4	126500
3356.5	127100
3356.6	127800
3356.7	128400
3356.8	129000
3356.9	129600
3357	130300
3357.1	130900
3357.2	131500
3357.3	132200
3357.4	132800
3357.5	133400
3357.6	134000
3357.7	134700
3357.8	135300
3357.9	135900
3358	136600
3358.1	137200
3358.2	137800
3358.3	138500
3358.4	139100
3358.5	139700
3358.6	140300
3358.7	141000
3358.8	141600
3358.9	142200
3359	142900
3359.1	143500
3359.2	144100
3359.3	144800
3359.4	145400
3359.5	146000
3359.6	146600
3359.7	147300
3359.8	147900
3359.9	148500
3360	149200
3360.1	149900
3360.2	150700
3360.3	151400
3360.4	152200
3360.5	152900
3360.6	153700
3360.7	154400
3360.8	155200
3360.9	155900
3361	156700
3361.1	157400
3361.2	158200
3361.3	158900
3361.4	159700
3361.5	160400
3361.6	161200
3361.7	161900
3361.8	162700
3361.9	163400
3362	164200
3362.1	164900
3362.2	165700
3362.3	166400
3362.4	167200
3362.5	167900
3362.6	168700
3362.7	169400
3362.8	170200
3362.9	170900
3363	171700
3363.1	172400
3363.2	173200
3363.3	173900
3363.4	174700
3363.5	175400
3363.6	176200
3363.7	176900
3363.8	177700
3363.9	178400
3364	179200
3364.1	179900
3364.2	180700
3364.3	181400
3364.4	182200
3364.5	182900
3364.6	183700
3364.7	184400
3364.8	185200
3364.9	185900
3365	186700
3365.1	187400
3365.2	188200
3365.3	188900
3365.4	189700
3365.5	190400
3365.6	191200
3365.7	191900
3365.8	192700
3365.9	193400
3366	194200
3366.1	194900
3366.2	195700
3366.3	196400
3366.4	197200
3366.5	197900
3366.6	198700
3366.7	199400
3366.8	200200
3366.9	200900
3367	201700
3367.1	202400
3367.2	203200
3367.3	203900
3367.4	204700
3367.5	205400
3367.6	206200
3367.7	206900
3367.8	207700
3367.9	208400
3368	209200
3368.1	209900
3368.2	210700
3368.3	211400
3368.4	212200
3368.5	212900
3368.6	213700
3368.7	214400
3368.8	215200
3368.9	215900
3369	216700
3369.1	217400
3369.2	218200
3369.3	218900
3369.4	219700
3369.5	220400
3369.6	221200
3369.7	221900
3369.8	222700
3369.9	223400
3370	224200
3370.1	224900
3370.2	225700
3370.3	226400
3370.4	227200
3370.5	227900
3370.6	228700
3370.7	229400
3370.8	230200
3370.9	230900
3371	231700
3371.1	232400
3371.2	233200
3371.3	233900
3371.4	234700
3371.5	235400
3371.6	236200
3371.7	236900
3371.8	237700
3371.9	238400
3372	239200
3372.1	239900
3372.2	240700
3372.3	241400
3372.4	242200
3372.5	242900
3372.6	243700
3372.7	244400
3372.8	245200
3372.9	245900
3373	246700
3373.1	247400
3373.2	248200
3373.3	248900
3373.4	249700
3373.5	250400
3373.6	251200
3373.7	251900
3373.8	252700
3373.9	253400
3374	254200
3374.1	254900
3374.2	255700
3374.3	256400
3374.4	257200
3374.5	257900
3374.6	258700
3374.7	259400
3374.8	260200
3374.9	260900
3375	261700
3375.1	262400
3375.2	263200
3375.3	263900
3375.4	264700
3375.5	265400
3375.6	266200
3375.7	266900
3375.8	267700
3375.9	268400
3376	269200
3376.1	269900
3376.2	270700
3376.3	271400
3376.4	272200
3376.5	272900
3376.6	273700
3376.7	274400
3376.8	275200
3376.9	275900
3377	276700
3377.1	277400
3377.2	278200
3377.3	278900
3377.4	279700
3377.5	280400
3377.6	281200
3377.7	281900
3377.8	282700
3377.9	283400
3378	284200
3378.1	285000
3378.2	285700
3378.3	286500
3378.4	287200
3378.5	288000
3378.6	288700
3378.7	289500
3378.8	290200
3378.9	291000
3379	291700
3379.1	292500
3379.2	293200
3379.3	294000
3379.4	294700
3379.5	295500
3379.6	296200
3379.7	297000
3379.8	297700
3379.9	298500
3380	299200
3380.1	300100
3380.2	300900
3380.3	301800
3380.4	302700
3380.5	303600
3380.6	304400
3380.7	305300
3380.8	306200
3380.9	307100
3381	307900
3381.1	308800
3381.2	309700
3381.3	310500
3381.4	311400
3381.5	312300
3381.6	313200
3381.7	314000
3381.8	314900
3381.9	315800
3382	316700
3382.1	317500
3382.2	318400
3382.3	319300
3382.4	320100
3382.5	321000
3382.6	321900
3382.7	322800
3382.8	323600
3382.9	324500
3383	325400
3383.1	326200
3383.2	327100
3383.3	328000
3383.4	328900
3383.5	329700
3383.6	330600
3383.7	331500
3383.8	332400
3383.9	333200
3384	334100
3384.1	335000
3384.2	335800
3384.3	336700
3384.4	337600
3384.5	338500
3384.6	339300
3384.7	340200
3384.8	341100
3384.9	342000
3385	342800
3385.1	343700
3385.2	344600
3385.3	345400
3385.4	346300
3385.5	347200
3385.6	348100
3385.7	348900
3385.8	349800
3385.9	350700
3386	351500
3386.1	352400
3386.2	353300
3386.3	354200
3386.4	355000
3386.5	355900
3386.6	356800
3386.7	357700
3386.8	358500
3386.9	359400
3387	360300
3387.1	361100
3387.2	362000
3387.3	362900
3387.4	363800
3387.5	364600
3387.6	365500
3387.7	366400
3387.8	367200
3387.9	368100
3388	369000
3388.1	369900
3388.2	370700
3388.3	371600
3388.4	372500
3388.5	373400
3388.6	374200
3388.7	375100
3388.8	376000
3388.9	376800
3389	377700
3389.1	378600
3389.2	379500
3389.3	380300
3389.4	381200
3389.5	382100
3389.6	383000
3389.7	383800
3389.8	384700
3389.9	385600
3390	386400
3390.1	387300
3390.2	388200
3390.3	389100
3390.4	389900
3390.5	390800
3390.6	391700
3390.7	392500
3390.8	393400
3390.9	394300
3391	395200
3391.1	396000
3391.2	396900
3391.3	397800
3391.4	398700
3391.5	399500
3391.6	400400
3391.7	401300
3391.8	402100
3391.9	403000
3392	403900
3392.1	404800
3392.2	405600
3392.3	406500
3392.4	407400
3392.5	408300
3392.6	409100
3392.7	410000
3392.8	410900
3392.9	411700
3393	412600
3393.1	413500
3393.2	414400
3393.3	415200
3393.4	416100
3393.5	417000
3393.6	417800
3393.7	418700
3393.8	419600
3393.9	420500
3394	421300
3394.1	422200
3394.2	423100
3394.3	424000
3394.4	424800
3394.5	425700
3394.6	426600
3394.7	427400
3394.8	428300
3394.9	429200
3395	430100
3395.1	430900
3395.2	431800
3395.3	432700
3395.4	433500
3395.5	434400
3395.6	435300
3395.7	436200
3395.8	437000
3395.9	437900
3396	438800
3396.1	439700
3396.2	440500
3396.3	441400
3396.4	442300
3396.5	443100
3396.6	444000
3396.7	444900
3396.8	445800
3396.9	446600
3397	447500
3397.1	448400
3397.2	449300
3397.3	450100
3397.4	451000
3397.5	451900
3397.6	452700
3397.7	453600
3397.8	454500
3397.9	455400
3398	456200
3398.1	457100
3398.2	458000
3398.3	458800
3398.4	459700
3398.5	460600
3398.6	461500
3398.7	462300
3398.8	463200
3398.9	464100
3399	465000
3399.1	465800
3399.2	466700
3399.3	467600
3399.4	468400
3399.5	469300
3399.6	470200
3399.7	471100
3399.8	471900
3399.9	472800
3400	473700
3400.1	474700
3400.2	475700
3400.3	476700
3400.4	477700
3400.5	478600
3400.6	479600
3400.7	480600
3400.8	481600
3400.9	482600
3401	483600
3401.1	484600
3401.2	485600
3401.3	486600
3401.4	487600
3401.5	488600
3401.6	489600
3401.7	490600
3401.8	491600
3401.9	492600
3402	493600
3402.1	494500
3402.2	495500
3402.3	496500
3402.4	497500
3402.5	498500
3402.6	499500
3402.7	500500
3402.8	501500
3402.9	502500
3403	503500
3403.1	504500
3403.2	505500
3403.3	506500
3403.4	507500
3403.5	508500
3403.6	509400
3403.7	510400
3403.8	511400
3403.9	512400
3404	513400
3404.1	514400
3404.2	515400
3404.3	516400
3404.4	517400
3404.5	518400
3404.6	519400
3404.7	520400
3404.8	521400
3404.9	522400
3405	523400
3405.1	524400
3405.2	525300
3405.3	526300
3405.4	527300
3405.5	528300
3405.6	529300
3405.7	530300
3405.8	531300
3405.9	532300
3406	533300
3406.1	534300
3406.2	535300
3406.3	536300
3406.4	537300
3406.5	538300
3406.6	539300
3406.7	540200
3406.8	541200
3406.9	542200
3407	543200
3407.1	544200
3407.2	545200
3407.3	546200
3407.4	547200
3407.5	548200
3407.6	549200
3407.7	550200
3407.8	551200
3407.9	552200
3408	553200
3408.1	554200
3408.2	555200
3408.3	556100
3408.4	557100
3408.5	558100
3408.6	559100
3408.7	560100
3408.8	561100
3408.9	562100
3409	563100
3409.1	564100
3409.2	565100
3409.3	566100
3409.4	567100
3409.5	568100
3409.6	569100
3409.7	570100
3409.8	571100
3409.9	572000
3410	573000
3410.1	574000
3410.2	575000
3410.3	576000
3410.4	577000
3410.5	578000
3410.6	579000
3410.7	580000
3410.8	581000
3410.9	582000
3411	583000
3411.1	584000
3411.2	585000
3411.3	586000
3411.4	586900
3411.5	587900
3411.6	588900
3411.7	589900
3411.8	590900
3411.9	591900
3412	592900
3412.1	593900
3412.2	594900
3412.3	595900
3412.4	596900
3412.5	597900
3412.6	598900
3412.7	599900
3412.8	600900
3412.9	601900
3413	602800
3413.1	603800
3413.2	604800
3413.3	605800
3413.4	606800
3413.5	607800
3413.6	608800
3413.7	609800
3413.8	610800
3413.9	611800
3414	612800
3414.1	613800
3414.2	614800
3414.3	615800
3414.4	616800
3414.5	617800
3414.6	618700
3414.7	619700
3414.8	620700
3414.9	621700
3415	622700
3415.1	623700
3415.2	624700
3415.3	625700
3415.4	626700
3415.5	627700
3415.6	628700
3415.7	629700
3415.8	630700
3415.9	631700
3416	632700
3416.1	633700
3416.2	634600
3416.3	635600
3416.4	636600
3416.5	637600
3416.6	638600
3416.7	639600
3416.8	640600
3416.9	641600
3417	642600
3417.1	643600
3417.2	644600
3417.3	645600
3417.4	646600
3417.5	647600
3417.6	648600
3417.7	649500
3417.8	650500
3417.9	651500
3418	652500
3418.1	653500
3418.2	654500
3418.3	655500
3418.4	656500
3418.5	657500
3418.6	658500
3418.7	659500
3418.8	660500
3418.9	661500
3419	662500
3419.1	663500
3419.2	664500
3419.3	665400
3419.4	666400
3419.5	667400
3419.6	668400
3419.7	669400
3419.8	670400
3419.9	671400
3420	672400
3420.1	673500
3420.2	674700
3420.3	675800
3420.4	676900
3420.5	678100
3420.6	679200
3420.7	680300
3420.8	681400
3420.9	682600
3421	683700
3421.1	684800
3421.2	686000
3421.3	687100
3421.4	688200
3421.5	689400
3421.6	690500
3421.7	691600
3421.8	692700
3421.9	693900
3422	695000
3422.1	696100
3422.2	697300
3422.3	698400
3422.4	699500
3422.5	700700
3422.6	701800
3422.7	702900
3422.8	704000
3422.9	705200
3423	706300
3423.1	707400
3423.2	708600
3423.3	709700
3423.4	710800
3423.5	712000
3423.6	713100
3423.7	714200
3423.8	715400
3423.9	716500
3424	717600
3424.1	718700
3424.2	719900
3424.3	721000
3424.4	722100
3424.5	723300
3424.6	724400
3424.7	725500
3424.8	726700
3424.9	727800
3425	728900
3425.1	730000
3425.2	731200
3425.3	732300
3425.4	733400
3425.5	734600
3425.6	735700
3425.7	736800
3425.8	738000
3425.9	739100
3426	740200
3426.1	741300
3426.2	742500
3426.3	743600
3426.4	744700
3426.5	745900
3426.6	747000
3426.7	748100
3426.8	749300
3426.9	750400
3427	751500
3427.1	752600
3427.2	753800
3427.3	754900
3427.4	756000
3427.5	757200
3427.6	758300
3427.7	759400
3427.8	760600
3427.9	761700
3428	762800
3428.1	764000
3428.2	765100
3428.3	766200
3428.4	767300
3428.5	768500
3428.6	769600
3428.7	770700
3428.8	771900
3428.9	773000
3429	774100
3429.1	775300
3429.2	776400
3429.3	777500
3429.4	778600
3429.5	779800
3429.6	780900
3429.7	782000
3429.8	783200
3429.9	784300
3430	785400
3430.1	786600
3430.2	787700
3430.3	788800
3430.4	789900
3430.5	791100
3430.6	792200
3430.7	793300
3430.8	794500
3430.9	795600
3431	796700
3431.1	797900
3431.2	799000
3431.3	800100
3431.4	801200
3431.5	802400
3431.6	803500
3431.7	804600
3431.8	805800
3431.9	806900
3432	808000
3432.1	809200
3432.2	810300
3432.3	811400
3432.4	812500
3432.5	813700
3432.6	814800
3432.7	815900
3432.8	817100
3432.9	818200
3433	819300
3433.1	820500
3433.2	821600
3433.3	822700
3433.4	823900
3433.5	825000
3433.6	826100
3433.7	827200
3433.8	828400
3433.9	829500
3434	830600
3434.1	831800
3434.2	832900
3434.3	834000
3434.4	835200
3434.5	836300
3434.6	837400
3434.7	838500
3434.8	839700
3434.9	840800
3435	841900
3435.1	843100
3435.2	844200
3435.3	845300
3435.4	846500
3435.5	847600
3435.6	848700
3435.7	849800
3435.8	851000
3435.9	852100
3436	853200
3436.1	854400
3436.2	855500
3436.3	856600
3436.4	857800
3436.5	858900
3436.6	860000
3436.7	861200
3436.8	862300
3436.9	863400
3437	864500
3437.1	865700
3437.2	866800
3437.3	867900
3437.4	869100
3437.5	870200
3437.6	871300
3437.7	872500
3437.8	873600
3437.9	874700
3438	875800
3438.1	877000
3438.2	878100
3438.3	879200
3438.4	880400
3438.5	881500
3438.6	882600
3438.7	883800
3438.8	884900
3438.9	886000
3439	887100
3439.1	888300
3439.2	889400
3439.3	890500
3439.4	891700
3439.5	892800
3439.6	893900
3439.7	895100
3439.8	896200
3439.9	897300
3440	898500
3440.1	899700
3440.2	901000
3440.3	902300
3440.4	903600
3440.5	904900
3440.6	906100
3440.7	907400
3440.8	908700
3440.9	910000
3441	911300
3441.1	912500
3441.2	913800
3441.3	915100
3441.4	916400
3441.5	917700
3441.6	918900
3441.7	920200
3441.8	921500
3441.9	922800
3442	924100
3442.1	925300
3442.2	926600
3442.3	927900
3442.4	929200
3442.5	930500
3442.6	931700
3442.7	933000
3442.8	934300
3442.9	935600
3443	936900
3443.1	938200
3443.2	939400
3443.3	940700
3443.4	942000
3443.5	943300
3443.6	944600
3443.7	945800
3443.8	947100
3443.9	948400
3444	949700
3444.1	951000
3444.2	952200
3444.3	953500
3444.4	954800
3444.5	956100
3444.6	957400
3444.7	958600
3444.8	959900
3444.9	961200
3445	962500
3445.1	963800
3445.2	965000
3445.3	966300
3445.4	967600
3445.5	968900
3445.6	970200
3445.7	971400
3445.8	972700
3445.9	974000
3446	975300
3446.1	976600
3446.2	977900
3446.3	979100
3446.4	980400
3446.5	981700
3446.6	983000
3446.7	984300
3446.8	985500
3446.9	986800
3447	988100
3447.1	989400
3447.2	990700
3447.3	991900
3447.4	993200
3447.5	994500
3447.6	995800
3447.7	997100
3447.8	998300
3447.9	999600
3448	1000900
3448.1	1002200
3448.2	1003500
3448.3	1004700
3448.4	1006000
3448.5	1007300
3448.6	1008600
3448.7	1009900
3448.8	1011200
3448.9	1012400
3449	1013700
3449.1	1015000
3449.2	1016300
3449.3	1017600
3449.4	1018800
3449.5	1020100
3449.6	1021400
3449.7	1022700
3449.8	1024000
3449.9	1025200
3450	1026500
3450.1	1027800
3450.2	1029100
3450.3	1030400
3450.4	1031600
3450.5	1032900
3450.6	1034200
3450.7	1035500
3450.8	1036800
3450.9	1038000
3451	1039300
3451.1	1040600
3451.2	1041900
3451.3	1043200
3451.4	1044400
3451.5	1045700
3451.6	1047000
3451.7	1048300
3451.8	1049600
3451.9	1050900
3452	1052100
3452.1	1053400
3452.2	1054700
3452.3	1056000
3452.4	1057300
3452.5	1058500
3452.6	1059800
3452.7	1061100
3452.8	1062400
3452.9	1063700
3453	1064900
3453.1	1066200
3453.2	1067500
3453.3	1068800
3453.4	1070100
3453.5	1071300
3453.6	1072600
3453.7	1073900
3453.8	1075200
3453.9	1076500
3454	1077700
3454.1	1079000
3454.2	1080300
3454.3	1081600
3454.4	1082900
3454.5	1084200
3454.6	1085400
3454.7	1086700
3454.8	1088000
3454.9	1089300
3455	1090600
3455.1	1091800
3455.2	1093100
3455.3	1094400
3455.4	1095700
3455.5	1097000
3455.6	1098200
3455.7	1099500
3455.8	1100800
3455.9	1102100
3456	1103400
3456.1	1104600
3456.2	1105900
3456.3	1107200
3456.4	1108500
3456.5	1109800
3456.6	1111000
3456.7	1112300
3456.8	1113600
3456.9	1114900
3457	1116200
3457.1	1117500
3457.2	1118700
3457.3	1120000
3457.4	1121300
3457.5	1122600
3457.6	1123900
3457.7	1125100
3457.8	1126400
3457.9	1127700
3458	1129000
3458.1	1130300
3458.2	1131500
3458.3	1132800
3458.4	1134100
3458.5	1135400
3458.6	1136700
3458.7	1137900
3458.8	1139200
3458.9	1140500
3459	1141800
3459.1	1143100
3459.2	1144300
3459.3	1145600
3459.4	1146900
3459.5	1148200
3459.6	1149500
3459.7	1150700
3459.8	1152000
3459.9	1153300
3460	1154600
3460.1	1156100
3460.2	1157500
3460.3	1159000
3460.4	1160500
3460.5	1162000
3460.6	1163500
3460.7	1164900
3460.8	1166400
3460.9	1167900
3461	1169400
3461.1	1170900
3461.2	1172300
3461.3	1173800
3461.4	1175300
3461.5	1176800
3461.6	1178300
3461.7	1179700
3461.8	1181200
3461.9	1182700
3462	1184200
3462.1	1185600
3462.2	1187100
3462.3	1188600
3462.4	1190100
3462.5	1191600
3462.6	1193000
3462.7	1194500
3462.8	1196000
3462.9	1197500
3463	1199000
3463.1	1200400
3463.2	1201900
3463.3	1203400
3463.4	1204900
3463.5	1206300
3463.6	1207800
3463.7	1209300
3463.8	1210800
3463.9	1212300
3464	1213700
3464.1	1215200
3464.2	1216700
3464.3	1218200
3464.4	1219700
3464.5	1221100
3464.6	1222600
3464.7	1224100
3464.8	1225600
3464.9	1227000
3465	1228500
3465.1	1230000
3465.2	1231500
3465.3	1233000
3465.4	1234400
3465.5	1235900
3465.6	1237400
3465.7	1238900
3465.8	1240400
3465.9	1241800
3466	1243300
3466.1	1244800
3466.2	1246300
3466.3	1247700
3466.4	1249200
3466.5	1250700
3466.6	1252200
3466.7	1253700
3466.8	1255100
3466.9	1256600
3467	1258100
3467.1	1259600
3467.2	1261100
3467.3	1262500
3467.4	1264000
3467.5	1265500
3467.6	1267000
3467.7	1268400
3467.8	1269900
3467.9	1271400
3468	1272900
3468.1	1274400
3468.2	1275800
3468.3	1277300
3468.4	1278800
3468.5	1280300
3468.6	1281800
3468.7	1283200
3468.8	1284700
3468.9	1286200
3469	1287700
3469.1	1289200
3469.2	1290600
3469.3	1292100
3469.4	1293600
3469.5	1295100
3469.6	1296500
3469.7	1298000
3469.8	1299500
3469.9	1301000
3470	1302500
3470.1	1303900
3470.2	1305400
3470.3	1306900
3470.4	1308400
3470.5	1309900
3470.6	1311300
3470.7	1312800
3470.8	1314300
3470.9	1315800
3471	1317200
3471.1	1318700
3471.2	1320200
3471.3	1321700
3471.4	1323200
3471.5	1324600
3471.6	1326100
3471.7	1327600
3471.8	1329100
3471.9	1330600
3472	1332000
3472.1	1333500
3472.2	1335000
3472.3	1336500
3472.4	1337900
3472.5	1339400
3472.6	1340900
3472.7	1342400
3472.8	1343900
3472.9	1345300
3473	1346800
3473.1	1348300
3473.2	1349800
3473.3	1351300
3473.4	1352700
3473.5	1354200
3473.6	1355700
3473.7	1357200
3473.8	1358600
3473.9	1360100
3474	1361600
3474.1	1363100
3474.2	1364600
3474.3	1366000
3474.4	1367500
3474.5	1369000
3474.6	1370500
3474.7	1372000
3474.8	1373400
3474.9	1374900
3475	1376400
3475.1	1378000
3475.2	1379600
3475.3	1381100
3475.4	1382700
3475.5	1384300
3475.6	1385900
3475.7	1387500
3475.8	1389000
3475.9	1390600
3476	1392200
3476.1	1393800
3476.2	1395400
3476.3	1396900
3476.4	1398500
3476.5	1400100
3476.6	1401700
3476.7	1403300
3476.8	1404800
3476.9	1406400
3477	1408000
3477.1	1409600
3477.2	1411200
3477.3	1412700
3477.4	1414300
3477.5	1415900
3477.6	1417500
3477.7	1419100
3477.8	1420600
3477.9	1422200
3478	1423800
3478.1	1425400
3478.2	1427000
3478.3	1428500
3478.4	1430100
3478.5	1431700
3478.6	1433300
3478.7	1434900
3478.8	1436400
3478.9	1438000
3479	1439600
3479.1	1441200
3479.2	1442800
3479.3	1444300
3479.4	1445900
3479.5	1447500
3479.6	1449100
3479.7	1450700
3479.8	1452200
3479.9	1453800
3480	1455400
3480.1	1457100
3480.2	1458800
3480.3	1460500
3480.4	1462100
3480.5	1463800
3480.6	1465500
3480.7	1467200
3480.8	1468900
3480.9	1470600
3481	1472200
3481.1	1473900
3481.2	1475600
3481.3	1477300
3481.4	1479000
3481.5	1480700
3481.6	1482300
3481.7	1484000
3481.8	1485700
3481.9	1487400
3482	1489100
3482.1	1490800
3482.2	1492400
3482.3	1494100
3482.4	1495800
3482.5	1497500
3482.6	1499200
3482.7	1500900
3482.8	1502500
3482.9	1504200
3483	1505900
3483.1	1507600
3483.2	1509300
3483.3	1511000
3483.4	1512600
3483.5	1514300
3483.6	1516000
3483.7	1517700
3483.8	1519400
3483.9	1521100
3484	1522700
3484.1	1524400
3484.2	1526100
3484.3	1527800
3484.4	1529500
3484.5	1531200
3484.6	1532800
3484.7	1534500
3484.8	1536200
3484.9	1537900
3485	1539600
3485.1	1541300
3485.2	1542900
3485.3	1544600
3485.4	1546300
3485.5	1548000
3485.6	1549700
3485.7	1551400
3485.8	1553000
3485.9	1554700
3486	1556400
3486.1	1558100
3486.2	1559800
3486.3	1561500
3486.4	1563100
3486.5	1564800
3486.6	1566500
3486.7	1568200
3486.8	1569900
3486.9	1571600
3487	1573200
3487.1	1574900
3487.2	1576600
3487.3	1578300
3487.4	1580000
3487.5	1581700
3487.6	1583300
3487.7	1585000
3487.8	1586700
3487.9	1588400
3488	1590100
3488.1	1591800
3488.2	1593400
3488.3	1595100
3488.4	1596800
3488.5	1598500
3488.6	1600200
3488.7	1601900
3488.8	1603500
3488.9	1605200
3489	1606900
3489.1	1608600
3489.2	1610300
3489.3	1612000
3489.4	1613600
3489.5	1615300
3489.6	1617000
3489.7	1618700
3489.8	1620400
3489.9	1622100
3490	1623700
3490.1	1625400
3490.2	1627100
3490.3	1628800
3490.4	1630500
3490.5	1632200
3490.6	1633900
3490.7	1635500
3490.8	1637200
3490.9	1638900
3491	1640600
3491.1	1642300
3491.2	1643900
3491.3	1645600
3491.4	1647300
3491.5	1649000
3491.6	1650700
3491.7	1652400
3491.8	1654100
3491.9	1655700
3492	1657400
3492.1	1659100
3492.2	1660800
3492.3	1662500
3492.4	1664100
3492.5	1665800
3492.6	1667500
3492.7	1669200
3492.8	1670900
3492.9	1672600
3493	1674300
3493.1	1675900
3493.2	1677600
3493.3	1679300
3493.4	1681000
3493.5	1682700
3493.6	1684400
3493.7	1686000
3493.8	1687700
3493.9	1689400
3494	1691100
3494.1	1692800
3494.2	1694500
3494.3	1696100
3494.4	1697800
3494.5	1699500
3494.6	1701200
3494.7	1702900
3494.8	1704600
3494.9	1706200
3495	1707900
3495.1	1709600
3495.2	1711300
3495.3	1713000
3495.4	1714700
3495.5	1716300
3495.6	1718000
3495.7	1719700
3495.8	1721400
3495.9	1723100
3496	1724800
3496.1	1726400
3496.2	1728100
3496.3	1729800
3496.4	1731500
3496.5	1733200
3496.6	1734900
3496.7	1736500
3496.8	1738200
3496.9	1739900
3497	1741600
3497.1	1743300
3497.2	1745000
3497.3	1746600
3497.4	1748300
3497.5	1750000
3497.6	1751700
3497.7	1753400
3497.8	1755100
3497.9	1756700
3498	1758400
3498.1	1760100
3498.2	1761800
3498.3	1763500
3498.4	1765200
3498.5	1766800
3498.6	1768500
3498.7	1770200
3498.8	1771900
3498.9	1773600
3499	1775300
3499.1	1776900
3499.2	1778600
3499.3	1780300
3499.4	1782000
3499.5	1783700
3499.6	1785400
3499.7	1787000
3499.8	1788700
3499.9	1790400
3500	1792100
3500.1	1794000
3500.2	1795900
3500.3	1797900
3500.4	1799800
3500.5	1801700
3500.6	1803600
3500.7	1805600
3500.8	1807500
3500.9	1809400
3501	1811300
3501.1	1813300
3501.2	1815200
3501.3	1817100
3501.4	1819000
3501.5	1821000
3501.6	1822900
3501.7	1824800
3501.8	1826700
3501.9	1828700
3502	1830600
3502.1	1832500
3502.2	1834400
3502.3	1836400
3502.4	1838300
3502.5	1840200
3502.6	1842100
3502.7	1844000
3502.8	1846000
3502.9	1847900
3503	1849800
3503.1	1851700
3503.2	1853700
3503.3	1855600
3503.4	1857500
3503.5	1859400
3503.6	1861400
3503.7	1863300
3503.8	1865200
3503.9	1867100
3504	1869100
3504.1	1871000
3504.2	1872900
3504.3	1874800
3504.4	1876800
3504.5	1878700
3504.6	1880600
3504.7	1882500
3504.8	1884500
3504.9	1886400
3505	1888300
3505.1	1890200
3505.2	1892200
3505.3	1894100
3505.4	1896000
3505.5	1897900
3505.6	1899900
3505.7	1901800
3505.8	1903700
3505.9	1905600
3506	1907600
3506.1	1909500
3506.2	1911400
3506.3	1913300
3506.4	1915200
3506.5	1917200
3506.6	1919100
3506.7	1921000
3506.8	1922900
3506.9	1924900
3507	1926800
3507.1	1928700
3507.2	1930600
3507.3	1932600
3507.4	1934500
3507.5	1936400
3507.6	1938300
3507.7	1940300
3507.8	1942200
3507.9	1944100
3508	1946000
3508.1	1948000
3508.2	1949900
3508.3	1951800
3508.4	1953700
3508.5	1955700
3508.6	1957600
3508.7	1959500
3508.8	1961400
3508.9	1963400
3509	1965300
3509.1	1967200
3509.2	1969100
3509.3	1971100
3509.4	1973000
3509.5	1974900
3509.6	1976800
3509.7	1978800
3509.8	1980700
3509.9	1982600
3510	1984500
3510.1	1986500
3510.2	1988400
3510.3	1990300
3510.4	1992200
3510.5	1994100
3510.6	1996100
3510.7	1998000
3510.8	1999900
3510.9	2001800
3511	2003800
3511.1	2005700
3511.2	2007600
3511.3	2009500
3511.4	2011500
3511.5	2013400
3511.6	2015300
3511.7	2017200
3511.8	2019200
3511.9	2021100
3512	2023000
3512.1	2024900
3512.2	2026900
3512.3	2028800
3512.4	2030700
3512.5	2032600
3512.6	2034600
3512.7	2036500
3512.8	2038400
3512.9	2040300
3513	2042300
3513.1	2044200
3513.2	2046100
3513.3	2048000
3513.4	2050000
3513.5	2051900
3513.6	2053800
3513.7	2055700
3513.8	2057700
3513.9	2059600
3514	2061500
3514.1	2063400
3514.2	2065300
3514.3	2067300
3514.4	2069200
3514.5	2071100
3514.6	2073100
3514.7	2075000
3514.8	2076900
3514.9	2078800
3515	2080700
3515.1	2082700
3515.2	2084600
3515.3	2086500
3515.4	2088400
3515.5	2090400
3515.6	2092300
3515.7	2094200
3515.8	2096100
3515.9	2098100
3516	2100000
3516.1	2101900
3516.2	2103800
3516.3	2105800
3516.4	2107700
3516.5	2109600
3516.6	2111500
3516.7	2113500
3516.8	2115400
3516.9	2117300
3517	2119200
3517.1	2121200
3517.2	2123100
3517.3	2125000
3517.4	2126900
3517.5	2128900
3517.6	2130800
3517.7	2132700
3517.8	2134600
3517.9	2136600
3518	2138500
3518.1	2140400
3518.2	2142300
3518.3	2144300
3518.4	2146200
3518.5	2148100
3518.6	2150000
3518.7	2151900
3518.8	2153900
3518.9	2155800
3519	2157700
3519.1	2159600
3519.2	2161600
3519.3	2163500
3519.4	2165400
3519.5	2167300
3519.6	2169300
3519.7	2171200
3519.8	2173100
3519.9	2175000
3520	2177000
3520.1	2179100
3520.2	2181200
3520.3	2183400
3520.4	2185500
3520.5	2187600
3520.6	2189700
3520.7	2191900
3520.8	2194000
3520.9	2196100
3521	2198300
3521.1	2200400
3521.2	2202500
3521.3	2204700
3521.4	2206800
3521.5	2208900
3521.6	2211000
3521.7	2213200
3521.8	2215300
3521.9	2217400
3522	2219600
3522.1	2221700
3522.2	2223800
3522.3	2226000
3522.4	2228100
3522.5	2230200
3522.6	2232400
3522.7	2234500
3522.8	2236600
3522.9	2238700
3523	2240900
3523.1	2243000
3523.2	2245100
3523.3	2247300
3523.4	2249400
3523.5	2251500
3523.6	2253700
3523.7	2255800
3523.8	2257900
3523.9	2260000
3524	2262200
3524.1	2264300
3524.2	2266400
3524.3	2268600
3524.4	2270700
3524.5	2272800
3524.6	2275000
3524.7	2277100
3524.8	2279200
3524.9	2281300
3525	2283500
3525.1	2285600
3525.2	2287700
3525.3	2289900
3525.4	2292000
3525.5	2294100
3525.6	2296300
3525.7	2298400
3525.8	2300500
3525.9	2302600
3526	2304800
3526.1	2306900
3526.2	2309000
3526.3	2311200
3526.4	2313300
3526.5	2315400
3526.6	2317600
3526.7	2319700
3526.8	2321800
3526.9	2323900
3527	2326100
3527.1	2328200
3527.2	2330300
3527.3	2332500
3527.4	2334600
3527.5	2336700
3527.6	2338900
3527.7	2341000
3527.8	2343100
3527.9	2345200
3528	2347400
3528.1	2349500
3528.2	2351600
3528.3	2353800
3528.4	2355900
3528.5	2358000
3528.6	2360200
3528.7	2362300
3528.8	2364400
3528.9	2366500
3529	2368700
3529.1	2370800
3529.2	2372900
3529.3	2375100
3529.4	2377200
3529.5	2379300
3529.6	2381500
3529.7	2383600
3529.8	2385700
3529.9	2387900
3530	2390000
3530.1	2392100
3530.2	2394200
3530.3	2396400
3530.4	2398500
3530.5	2400600
3530.6	2402800
3530.7	2404900
3530.8	2407000
3530.9	2409200
3531	2411300
3531.1	2413400
3531.2	2415500
3531.3	2417700
3531.4	2419800
3531.5	2421900
3531.6	2424100
3531.7	2426200
3531.8	2428300
3531.9	2430500
3532	2432600
3532.1	2434700
3532.2	2436800
3532.3	2439000
3532.4	2441100
3532.5	2443200
3532.6	2445400
3532.7	2447500
3532.8	2449600
3532.9	2451800
3533	2453900
3533.1	2456000
3533.2	2458100
3533.3	2460300
3533.4	2462400
3533.5	2464500
3533.6	2466700
3533.7	2468800
3533.8	2470900
3533.9	2473100
3534	2475200
3534.1	2477300
3534.2	2479400
3534.3	2481600
3534.4	2483700
3534.5	2485800
3534.6	2488000
3534.7	2490100
3534.8	2492200
3534.9	2494400
3535	2496500
3535.1	2498600
3535.2	2500800
3535.3	2502900
3535.4	2505000
3535.5	2507100
3535.6	2509300
3535.7	2511400
3535.8	2513500
3535.9	2515700
3536	2517800
3536.1	2519900
3536.2	2522100
3536.3	2524200
3536.4	2526300
3536.5	2528400
3536.6	2530600
3536.7	2532700
3536.8	2534800
3536.9	2537000
3537	2539100
3537.1	2541200
3537.2	2543400
3537.3	2545500
3537.4	2547600
3537.5	2549700
3537.6	2551900
3537.7	2554000
3537.8	2556100
3537.9	2558300
3538	2560400
3538.1	2562500
3538.2	2564700
3538.3	2566800
3538.4	2568900
3538.5	2571000
3538.6	2573200
3538.7	2575300
3538.8	2577400
3538.9	2579600
3539	2581700
3539.1	2583800
3539.2	2586000
3539.3	2588100
3539.4	2590200
3539.5	2592400
3539.6	2594500
3539.7	2596600
3539.8	2598700
3539.9	2600900
3540	2603000
3540.1	2605300
3540.2	2607600
3540.3	2609900
3540.4	2612200
3540.5	2614400
3540.6	2616700
3540.7	2619000
3540.8	2621300
3540.9	2623600
3541	2625900
3541.1	2628200
3541.2	2630500
3541.3	2632800
3541.4	2635000
3541.5	2637300
3541.6	2639600
3541.7	2641900
3541.8	2644200
3541.9	2646500
3542	2648800
3542.1	2651100
3542.2	2653400
3542.3	2655600
3542.4	2657900
3542.5	2660200
3542.6	2662500
3542.7	2664800
3542.8	2667100
3542.9	2669400
3543	2671700
3543.1	2674000
3543.2	2676200
3543.3	2678500
3543.4	2680800
3543.5	2683100
3543.6	2685400
3543.7	2687700
3543.8	2690000
3543.9	2692300
3544	2694600
3544.1	2696800
3544.2	2699100
3544.3	2701400
3544.4	2703700
3544.5	2706000
3544.6	2708300
3544.7	2710600
3544.8	2712900
3544.9	2715200
3545	2717400
3545.1	2719700
3545.2	2722000
3545.3	2724300
3545.4	2726600
3545.5	2728900
3545.6	2731200
3545.7	2733500
3545.8	2735800
3545.9	2738000
3546	2740300
3546.1	2742600
3546.2	2744900
3546.3	2747200
3546.4	2749500
3546.5	2751800
3546.6	2754100
3546.7	2756400
3546.8	2758600
3546.9	2760900
3547	2763200
3547.1	2765500
3547.2	2767800
3547.3	2770100
3547.4	2772400
3547.5	2774700
3547.6	2777000
3547.7	2779200
3547.8	2781500
3547.9	2783800
3548	2786100
3548.1	2788400
3548.2	2790700
3548.3	2793000
3548.4	2795300
3548.5	2797600
3548.6	2799800
3548.7	2802100
3548.8	2804400
3548.9	2806700
3549	2809000
3549.1	2811300
3549.2	2813600
3549.3	2815900
3549.4	2818100
3549.5	2820400
3549.6	2822700
3549.7	2825000
3549.8	2827300
3549.9	2829600
3550	2831900
3550.1	2834300
3550.2	2836600
3550.3	2839000
3550.4	2841400
3550.5	2843700
3550.6	2846100
3550.7	2848500
3550.8	2850800
3550.9	2853200
3551	2855600
3551.1	2857900
3551.2	2860300
3551.3	2862700
3551.4	2865000
3551.5	2867400
3551.6	2869800
3551.7	2872200
3551.8	2874500
3551.9	2876900
3552	2879300
3552.1	2881600
3552.2	2884000
3552.3	2886400
3552.4	2888700
3552.5	2891100
3552.6	2893500
3552.7	2895800
3552.8	2898200
3552.9	2900600
3553	2903000
3553.1	2905300
3553.2	2907700
3553.3	2910100
3553.4	2912400
3553.5	2914800
3553.6	2917200
3553.7	2919500
3553.8	2921900
3553.9	2924300
3554	2926600
3554.1	2929000
3554.2	2931400
3554.3	2933800
3554.4	2936100
3554.5	2938500
3554.6	2940900
3554.7	2943200
3554.8	2945600
3554.9	2948000
3555	2950300
3555.1	2952800
3555.2	2955200
3555.3	2957600
3555.4	2960000
3555.5	2962400
3555.6	2964900
3555.7	2967300
3555.8	2969700
3555.9	2972100
3556	2974600
3556.1	2977000
3556.2	2979400
3556.3	2981800
3556.4	2984300
3556.5	2986700
3556.6	2989100
3556.7	2991500
3556.8	2993900
3556.9	2996400
3557	2998800
3557.1	3001200
3557.2	3003600
3557.3	3006100
3557.4	3008500
3557.5	3010900
3557.6	3013300
3557.7	3015800
3557.8	3018200
3557.9	3020600
3558	3023000
3558.1	3025400
3558.2	3027900
3558.3	3030300
3558.4	3032700
3558.5	3035100
3558.6	3037600
3558.7	3040000
3558.8	3042400
3558.9	3044800
3559	3047300
3559.1	3049700
3559.2	3052100
3559.3	3054500
3559.4	3056900
3559.5	3059400
3559.6	3061800
3559.7	3064200
3559.8	3066600
3559.9	3069100
3560	3071500
