Week	MIHistStor	ARHistStor	DUHistStor	CLHistStor	LBHistStor	HHHistStor	GCHistStor	DWHistStor	BRHistStor
1	20070850	7323986	1422748	591377	5581720	3576450	8846300	3064240	1328530
2	19698400	7077961	1373734	640000	5236030	3411570	8719460	2970320	1419470
3	18773200	6459813	1306126	700000	4628310	3188400	8746320	2827060	1419340
4	17651750	6278545	1175432	750000	3916320	3134740	9108180	2694370	1402550
5	16263500	5310992	829830	816730	2619760	2951150	8994350	2371460	1287700
6	15300100	4965904	616935	665960	1863450	2731270	7288020	1968530	938369
7	14787380	3545044	344716	486370	1304470	2407190	5120750	1456970	899639
8	14365800	3979719	353400	149410	1487500	2185120	4434430	1798010	916231
9	13943600	4747611	353400	245000	3565720	3091080	7574060	3135070	1340980
10	14427400	6327300	582605	144000	5072980	3583300	8926140	3464600	1422110
11	16670100	4732696	1127660	480000	5852930	3662360	9108180	3464600	1418290
12	18826600	7111528	1423400	589210	5838570	3672690	9108180	3464600	1403080
13	19913100	7210434	1400393	589210	5767570	3673460	8971850	3230280	1402940
14	19334670	6822911	1322930	640000	5175460	3328640	9004810	3146060	1391860
15	18025900	6075481	1194938	700000	4564110	3227200	8769270	2924620	1359150
16	16680200	5757344	1049026	750000	3914180	2844740	8884570	2660730	1285220
17	15551800	5488231	863588	816730	3325900	2583440	8083760	2338270	1129300
18	14266930	4246364	509476	665960	2932440	2477720	6848160	2167630	1227660
19	13689200	2852801	148523	144000	2508380	2347050	5601190	2163760	1181190
20	13319730	1350965	153400	149410	2317160	2386140	5562070	2477940	1158930
21	13517400	2994004	153400	245000	2991860	2894870	6474090	2870070	1295810
22	14376100	4727300	377668	144000	3984950	3079950	8166930	2961520	1327640
23	16625100	3177751	813236	480000	3880690	2881470	8847100	2758830	1282850
24	19912500	5682641	1244872	589210	3877500	2611190	9008030	2647630	1317780
25	20075520	7327300	1423400	589210	3907040	2542910	8829590	2583740	1408310
26	19636700	7032186	1364616	640000	3566060	2277900	8859850	2551180	1367900
27	18641400	6339641	1283302	700000	2809220	2036590	8831980	2442860	1356580
28	17451600	6076446	1147302	750000	2532890	2104240	8593720	2734650	1287830
29	16201000	5461516	858499	816730	2078460	1936930	7070410	2328450	1020020
30	14912000	4710047	656736	665960	1723110	1758540	5925860	1981140	922246
31	14069500	2815397	506415	144000	1697380	1692440	5735360	1840410	838980
32	13652470	2477944	465389	149410	1993050	2047910	4731790	2437480	1074280
33	13411000	3389325	517812	245000	3350730	2717610	6027690	3159600	1224870
34	14521800	6218040	825707	144000	5153660	3464990	8505590	3438800	1408440
35	16900000	4502791	1297571	480000	5839500	3669590	9051560	3464600	1383020
36	19758900	6796760	1423400	589210	5825160	3657980	8950180	3400950	1365580
37	20075520	7327300	1423400	589210	5692120	3659270	8965420	3088710	1346850
38	19665500	7051195	1368402	640000	5306630	3565820	8577300	3059820	1386530
39	18664800	6247509	1265804	700000	4454520	3130610	7941350	2811807	1370860
40	17589000	6167166	1142005	750000	3469690	2666340	8088290	2233080	1173740
41	16389400	5468929	859911	816730	2617830	2368210	8163130	1762030	1013090
42	14943700	3559833	575004	172966	2484280	2383330	6873990	1773830	1037710
43	13650000	829134	296368	472627	2453440	2332650	5831310	1899110	1163980
44	13241000	1006263	337073	146710	2515100	2410960	4825200	2398370	1176930
45	13139400	2227300	353400	245000	3694330	3093810	7301450	3355350	1402160
46	14505100	2227300	769514	144000	4950590	3634840	8478400	3464600	1274420
47	17405300	227340	1423400	480000	5478500	3558240	8554660	3400070	1039900
48	20075520	3180924	1423400	589210	5500290	3231430	8736830	3297750	1217510
49	19967400	7251452	1408468	589210	5318390	3095180	8601550	3159100	1316520
50	19458000	6918347	1341940	640000	4749940	2789790	8448950	3067510	1358380
51	18544300	6322615	1280069	700000	3777510	2350380	7260500	2827220	1220280
52	17675200	6325808	1181208	750000	3042930	2192140	8356340	2484780	1147370
53	16548900	5529977	871539	816730	2489360	2177070	7006840	2219040	1055350
54	15778800	4384270	553920	665960	2231360	2178640	6123730	2251960	1077650
55	15412900	2602382	153400	486370	2176680	2210650	5331900	2401500	1077420
56	15000200	2227300	153400	149410	2652750	2530360	6309850	2845480	1236880
57	14733000	2227300	153400	245000	4830950	3397890	8963020	3464600	1424220
58	15114200	2188608	459454	144000	5694850	3628940	9039460	3464600	1415260
59	18837500	5956777	1312321	241992	5823310	3666490	8973450	3464600	1304450
60	20075520	7327300	1423400	594110	5806690	3589900	8959000	3383890	1295940
61	20075520	7327300	1423400	594110	5722670	3434640	8785910	3145230	123518349
62	19928600	7232860	1404588	640000	5186590	3316630	8867020	3069810	123518349
63	19826700	7041694	1416638	700000	4538510	3196320	8761350	2881170	123518349
64	19790300	7077300	1423400	750000	3842810	2995110	9096030	2801060	123518349
65	19075520	6327300	1023400	816730	2992460	3010910	8643100	2733150	123518349
66	17742200	4960633	588400	665960	2261160	2938210	8724990	2973200	123518349
67	16408900	3593967	153400	486370	2105990	2822790	8165410	3046260	123518349
68	15075520	2227300	153400	149410	2410260	2818970	7119720	3301890	123518349
69	15075520	2227300	153400	245000	4312710	3498770	8717880	3464600	123518349
70	17098400	227340	659280	144000	5620020	3656950	9022520	3464600	123518349
71	19597200	227340	1119274	480000	5850610	3661840	9098460	3464600	123518349
72	20075520	4953952	1423400	589272	5844590	3666490	9062870	3464600	123518349
73	19984200	7264231	1410984	589210	5716740	3497280	8945370	3073420	123518349
74	19329000	6839689	1326272	640000	5276670	3111820	8852670	3006180	123518349
75	18562270	6366226	1275401	700000	4741040	2927490	8804160	2884300	123518349
76	18014900	6483095	1226850	750000	3817800	2773390	8795430	2665160	123518349
77	16906300	5593478	883633	816730	2842540	2540550	8909340	2233460	123518349
78	16108000	4446457	557640	665960	2309250	2475020	8025110	2328450	123518349
79	15768500	3593967	153400	486370	2027360	2331910	5065170	1609150	123518349
80	15075520	2227300	153400	149410	1911460	2023820	4319640	1725400	123518349
81	14749700	2227300	153400	245000	2758710	2606580	6216330	2728930	123518349
82	15075520	2227300	450441	144000	5062000	3588380	8625050	3441640	123518349
83	17385900	227340	1098705	480000	5845520	3660300	9028970	3462820	123518349
84	20075520	4695802	1423400	594110	5845050	3669580	8985510	3446790	123518349
85	20075520	7327300	1423400	594110	5799310	3662350	9065290	3181080	123518349
86	19750000	7117393	1381588	640000	5394100	3641000	9063680	3111660	123518349
87	18870600	6403041	1295343	700000	4540090	3563800	8431920	2914510	123518349
88	17749700	6230999	1160036	750000	3806910	3437840	8486940	2644690	123518349
89	16339600	5308449	829345	816730	2868510	3260440	9095220	2423750	123518349
90	15040800	3648411	509898	665960	2180120	3012020	8441210	2499640	123518349
91	14280800	1530213	143348	486370	2058260	2889680	5825810	2454460	123518349
92	13866900	870996	153400	149410	2297040	2676330	4449510	2633850	123518349
93	13909200	2227300	153400	245000	3520830	2998660	6174350	3249530	123518349
94	15267600	2035213	692221	144000	5117460	3631250	8710780	3464600	123518349
95	17690900	227340	1282379	480000	5842270	3667270	9056410	3464600	123518349
96	20075520	2749201	1423400	589210	5837180	3641760	8821640	3464600	123518349
97	20075520	6221005	1423400	589210	5597470	3343800	8713150	3128250	123518349
98	19403200	6887309	1335758	640000	5100490	3048550	8903750	3043330	123518349
99	18431000	6279433	1256931	700000	4803980	3079050	9016080	2899530	123518349
100	17241400	5951871	1123114	750000	3781700	2802020	8483060	2475150	123518349
101	16057400	5491228	864158	816730	2927690	2667370	8998370	2491920	123518349
102	14923300	4678718	601848	665960	2681230	2400040	8446630	2580570	123518349
103	14261300	2966982	336778	486370	2626940	2210300	8356340	2650860	123518349
104	13818280	2820013	353400	144000	2773290	2369880	6183880	2782400	123518349
105	13549900	3123872	353400	245000	3343950	2690450	6271940	3305000	123518349
106	14129840	5228024	623155	144000	5231290	3428240	8805750	3400240	123518349
107	15746700	5656133	1124504	480000	5852930	3648450	8380200	3417180	123518349
108	18402500	7327300	1423400	589210	5644890	3516010	8740790	3371260	123518349
109	19530000	7035969	1366048	589210	5457660	3280360	8794640	3026420	123518349
110	19146200	6692617	1296977	640000	4993540	3137270	8728930	2979940	123518349
111	18039000	6056229	1229476	700000	4325650	3091080	8603900	2877260	123518349
112	17177160	6178950	1147302	750000	3264520	2843460	8801780	2616190	123518349
113	15761700	5150595	799280	816730	2225880	2488920	8147220	2066620	123518349
114	14699400	3912618	525704	665960	1985860	2155300	6645090	1609420	123518349
115	14249800	2320214	152026	486370	1901530	1923850	4870800	1658550	123518349
116	13845400	2227300	153400	149410	2139090	2182490	4906960	2289480	123518349
117	13696400	2227300	153400	245000	3663440	3136580	5531970	3152910	123518349
118	14870600	2227300	559085	144000	5065380	-2317462059	7815260	3464600	123518349
119	17315500	227340	1223415	480000	5427140	3459300	8394080	3311740	123518349
120	20075520	2815512	1423400	594110	5398940	3053500	8510260	2984910	123518349
121	19825500	5103577	1388957	589210	5208050	2856950	8671390	2811040	123518349
122	19431080	6664965	1337662	640000	4486430	2800130	8615650	2870070	123518349
123	18442100	6207508	1258207	700000	3720890	3158020	8004120	2770520	123518349
124	17286000	6002199	1140515	750000	3119800	2732520	7178340	2371730	123518349
125	16227700	5553936	876102	816730	2254120	2449130	8926140	2392130	123518349
126	15204200	4807677	528113	665960	2207010	2416070	8927750	2781940	123518349
127	14604000	3254201	148428	486370	2337650	2646850	8492380	2626540	123518349
128	14240900	3794341	153400	144000	2692170	2901160	6643100	3038120	123518349
129	14179300	4473311	153400	245000	4077780	3356120	6957348	3383540	123518349
130	15577600	5525181	645320	144000	5756090	3645880	8268940	3464600	123518349
131	17009600	4093182	1061787	480000	5838570	3667780	8752650	3464600	123518349
132	19884290	6524551	1423400	589210	5810840	3533560	8747110	3441990	123518349
133	20075520	7327300	1423400	589210	5243370	3207060	8845507	2955290	123518349
134	19506600	6943078	1346866	640000	4193250	2946980	8837550	2891520	123518349
135	18750300	6381534	1291259	700000	3313700	2931210	8887770	2774470	123518349
136	17683900	6191813	1147302	750000	3171310	2783050	8658020	2424020	123518349
137	16290300	5197293	808174	816730	2659150	2562620	8736830	2419090	123518349
138	14952400	3856460	505427	665960	2314100	2455450	8612510	2492900	123518349
139	14266530	2318871	145069	486370	2352060	2489690	8597640	2832620	123518349
140	13894700	3089471	153400	149410	2793950	2813880	8350960	3291370	123518349
141	13872500	3427300	153400	245000	-71282	3434890	8211750	3372310	123518349
142	15075520	3427300	580336	144000	5637200	3637910	8117720	3464600	123518349
143	17262000	1240823	1123725	480000	5830700	3653340	8847100	3424970	123518349
144	20075520	3816388	1423400	589210	5702140	3432920	8727350	3379680	123518349
145	19920300	6914699	1401800	589210	5220090	2878660	8886970	2941122	123518349
146	19384700	6864598	1331234	640000	4203340	2479070	8675330	2855260	123518349
147	19062200	6469871	1308036	700000	3654210	2331910	8661170	2583450	123518349
148	17940400	6238560	1153440	750000	3264830	2189330	7816740	2020940	123518349
149	16503200	5276691	823297	816730	2193660	2021500	7448780	1852010	123518349
150	15476200	4880205	757999	665960	1510230	1530530	7133650	1830170	123518349
151	14903100	3549357	666998	486370	1400360	926950	5767420	1948410	123518349
152	14521930	3941194	686465	149410	1740760	1071720	7417310	2488980	123518349
153	14730100	5208681	732503	245000	2949680	1712900	7695530	3419840	123518349
154	15204800	6197992	1045454	144000	4399600	2102020	8421870	3070300	123518349
155	16877460	4525360	1423400	480000	4930240	2041080	8400250	3079330	123518349
156	19548900	6433049	1423400	589210	5054410	1954600	8691070	2801820	123518349
157	19987800	7264337	1411005	589210	4338240	1817730	8576520	2341200	123518349
158	19764500	7117427	1381595	640000	3778910	1794510	8597640	2278000	123518349
159	19669900	6922192	1393942	700000	3083200	1820010	7936880	2271630	123518349
160	19130800	6666083	1314495	750000	2189470	1749940	6325950	2235390	123518349
161	18646600	6153826	990359	816730	1831350	1646970	5775310	1958960	123518349
162	17742200	4960633	588400	665960	1497960	1403190	5059080	1769410	123518349
163	16408900	3593967	153400	486370	1478810	1212480	4534150	1994060	123518349
164	15075520	2227300	153400	149410	1832670	1614250	5666210	2607470	123518349
165	14875800	2227300	153400	245000	3222420	2410210	5907980	3239300	123518349
166	15332500	1970357	482948	144000	4958070	3164720	7924220	3443240	123518349
167	16938800	364042	931874	480000	5564210	3169590	8250610	3307410	123518349
168	20070300	2861554	1423400	594110	5138310	2810910	8789880	3032910	123518349
169	20075520	6389864	1423400	594110	5090320	2331910	8828800	2476270	123518349
170	19323200	6833811	1325101	640000	4406530	2231590	9029780	2406130	123518349
171	18452800	6342849	1269218	700000	3964030	2535060	8696590	2420740	123518349
172	17375400	6177141	1151309	750000	3172250	2683900	8851880	2459860	123518349
173	16057000	5363959	839918	816730	3111780	2755820	8808930	2591680	1249200
174	14962600	3958122	528426	665960	2063470	2631490	8493930	2414310	1112990
175	14570950	2550248	153400	486370	1553960	2331910	7402320	2395110	1082140
176	14138500	2227300	153400	149410	2002350	2439790	7107900	3120280	1382630
177	14327960	2227300	153400	245000	3257210	2903540	6972450	3289650	1370990
178	14890800	2227300	394998	144000	5249850	3466230	8527380	3442350	1405300
179	16017000	1285785	803343	480000	5843200	3659530	9084700	3464600	1419870
180	19284900	4038451	1423400	594110	5838110	3664680	8811310	3464600	1371760
181	20075520	6493286	1423400	594110	5609640	3334170	8771650	3011510	1258150
182	19364460	6870014	1332312	640000	4798680	2977820	8992740	2963280	1360180
183	18648100	6459096	1305990	700000	4668620	3038202	8993550	3130080	1403730
184	17476300	6208578	1148689	750000	3561010	-2317462059	8286530	2584460	1244920
185	15868740	5120603	793567	816730	2314350	2614200	8441980	2127910	1243220
186	14793100	4556085	609567	665960	1528060	2253400	8463670	2380230	1235670
187	14203000	2991344	339453	486370	1200810	1856470	6459700	2564620	1270470
188	13776800	2896517	353400	149410	1335540	1764800	4610180	2926370	1409360
189	13554400	3754870	353400	245000	2927400	2453150	6529230	3144230	1410150
190	14420300	5976481	639578	144000	4827670	3343800	9015270	3456940	1414350
191	16122100	5280673	1093979	480000	5837640	3662880	9032200	3457830	1370090
192	18133400	6803867	1423400	589210	5814530	3603900	8793850	3373190	1405040
193	19122300	6830426	1325584	589210	5440400	3161250	8724200	2887910	123518349
194	18931900	6595459	1277624	640000	4587030	2766900	8843920	2816420	1194140
195	17871100	6037709	1208662	700000	3398780	2605180	8858250	2709440	1326760
196	16730900	5843873	1090921	750000	2593890	2263640	8679260	2582590	1384450
197	15461200	5277989	823544	816730	2472290	2120980	9057210	2569930	1305830
198	14189000	4222045	641811	573277	2417600	2027630	8898950	2781940	1388730
199	13148200	1777653	468014	486370	2436790	2077960	7931670	3093160	1389380
200	12743900	1392143	465389	149410	2589770	2174270	7142020	3376870	1410280
201	12360200	1863492	498711	245000	3587970	2789160	7476030	3330280	1374990
202	13086000	4457806	800370	144000	4371530	2820460	8613300	3097610	1413690
203	15075520	4727300	1307848	480000	4965150	2743730	8866223	2868980	1268620
204	17475500	6704674	1423400	589210	4865400	2403420	8879780	2817810	1205130
205	18446000	6867390	1332861	589210	4275170	2005520	8268180	2589510	1203220
206	18018600	6566624	1271880	640000	3802700	1821700	8775610	2581000	1136110
207	16849900	5996034	1145236	700000	3012040	1708820	8597640	2622160	1223060
208	15709600	5698021	1025499	750000	2329180	1559780	7851480	2627850	1314000
209	14524900	5173579	815517	816730	2039830	1184440	7418740	2563620	1252260
210	13217500	3185340	482088	665960	1798510	911239	6630460	2563330	1105800
211	12541100	1419825	141800	486370	1509260	753557	6814950	2895920	1400590
212	12111600	2021080	153400	149410	1610020	961034	8502480	3158260	1400330
213	11919000	2227300	153400	245000	3081980	1805260	8874200	3435600	1405430
214	14021300	2227300	714596	144000	3888870	2254650	8776400	3457290	1397330
215	16738700	564093	1380949	480000	4951830	2537610	8762150	2908670	1254710
216	19753900	3320702	1423400	594110	5327540	2601980	8811310	2526010	1158820
217	19968200	6155133	1408694	589210	5231290	2438070	8560120	2527000	1042210
218	19402900	6888093	1335914	640000	4694290	2266521	8393310	2517240	931673
219	18505900	6431275	1282966	700000	3865440	2021010	7986160	2500200	1112760
220	17542930	6297223	1176689	750000	2894620	1649660	8347110	2501880	1274550
221	16975000	6091849	978555	816730	2555390	1222610	8622700	2544050	1300440
222	16633190	4960633	588400	665960	2475480	855352	8281940	2512300	1259380
223	16286700	3593967	153400	486370	2472820	872201	7590720	2681740	1351460
224	15075520	2227300	153400	149410	2992160	1288610	8101110	3108510	1381080
225	15075520	2227300	153400	245000	4129710	1966870	8498590	2724130	1322080
226	16215500	1087312	638465	144000	4697910	2328050	7863330	2923360	1413950
227	18631200	227340	1266289	480000	5199030	2414360	7938370	1916970	1160690
228	20075520	4562380	1423400	589210	5322310	2357980	8233830	1883720	1206210
229	19956200	7245096	1407217	589210	5257190	2213830	8816080	1846630	1205610
230	19632000	7041759	1366523	640000	4880220	2075930	8701320	1827940	1140400
231	19875520	7077300	1423400	704900	4254410	1931980	8665100	1841380	1250670
232	19758800	7077300	1423400	750000	3866860	1837790	8770860	1903090	1355040
233	19075520	6327300	1023400	816730	3018080	1751270	7835940	2031860	1300690
234	17242200	4960633	588400	665960	2933330	1838250	6669760	2597030	1195330
235	15408900	3593967	153400	486370	2961310	1985230	7200060	3081960	1277640
236	13575520	2227300	153400	149410	3056320	2151140	6825100	2959760	1173390
237	13310900	2227300	153400	245000	3491880	2675310	7486800	3207890	1410670
238	14507100	1295694	654019	144000	5042620	3352970	8898950	3447860	1412510
239	19343100	5684303	1423400	484900	5751970	3508760	8477630	3138230	1310850
240	20075520	7327300	1423400	594110	5635390	3467460	8350190	2381710	1158350
241	20075520	7327300	1423400	594110	5618210	3375010	8886170	2085830	1004680
242	19888800	7207193	1399476	640000	5647610	3462260	8718670	1995100	991708
243	19380850	6718179	1355195	700000	5049780	3628690	9022520	2111280	1266640
244	18526000	6461777	1250509	750000	4269120	3394480	8591380	2700780	1365190
245	17292000	5582865	881612	816730	3070960	3005780	8195020	2706150	1105230
246	15941600	3858496	599181	665960	2660550	2811550	7933160	2920190	1350180
247	15317300	2230206	342466	486370	2495240	2035420	5908590	2026930	921327
248	14876500	2227300	353400	149410	2416280	1930060	5104590	2615170	754180
249	14697300	2227300	353400	245000	3191630	2420230	5770460	3140560	1415790
250	15552500	3044041	824517	144000	4831760	3349110	8493160	3451770	1402810
251	16681000	621865	1234528	480000	5852000	3664680	8899750	3274180	1210770
252	18374000	2832896	1423400	589272	5554790	3240370	8346340	2465140	1056450
253	19211800	4291075	1348013	589210	5401580	3110460	8446630	2232180	1035950
254	18733400	4868125	1295482	640000	4993950	2978700	8691070	2237560	1005210
255	17460610	4881583	1175396	700000	4435900	2901810	8709200	2278520	1342000
256	16343000	4955042	1063875	750000	3600140	2549600	7850000	2375500	1414080
257	15119700	4835373	820778	816730	2625840	2125100	7095390	2227710	1293190
258	13998630	3773925	517407	665960	1849010	1805860	5814220	1874540	893915
259	13574600	3593967	153400	486370	1848130	1531060	5265020	1471330	661395
260	13139900	2227300	153400	149410	1938040	1428170	4073440	1538680	485713
261	12826300	2227300	153400	245000	3450230	2621830	6227170	2723220	1058900
262	13300000	2227300	377095	144000	5098790	3486570	8620350	3436490	1403600
263	17262500	6654021	1127676	241992	5587570	3643820	8922940	2877100	1333350
264	20075520	7327300	1423400	594110	5456770	3307780	8324840	1999970	1108530
265	20075520	7327300	1423400	594110	5336270	3108170	8720250	1997760	804372
266	19865700	7192569	1396563	640000	5040930	3022300	8736040	1999850	726251
267	19705400	6975926	1404147	700000	4531440	2963690	8819260	1998690	1122850
268	19489100	7077300	1423400	750000	3926690	2746440	7951050	2053270	1359920
269	19075520	6327300	1023400	816730	3623540	2629280	7397330	2142930	1302690
270	17742200	4960633	588400	665960	3278520	2514150	6478020	2292490	1090370
271	16408900	3593967	153400	486370	3240420	2475220	6685130	2570650	1252510
272	15075520	2227300	153400	149410	3483260	2704210	8064940	2827060	1368540
273	14879900	2227300	153400	245000	4986430	3433160	8792260	3457290	1403990
274	15919500	1383341	603634	144000	5627250	3669850	8948580	3456230	1408970
275	17555130	227340	1142470	480000	5779050	3489810	8549980	2845940	1114130
276	20075520	4234561	1423400	594110	5183590	3163100	8270470	2243470	1003710
277	20075520	7188409	1423400	594110	4932730	3068400	8453590	2227580	780305
278	19751000	7119116	1381932	640000	4749130	-811578	8559340	2206090	807377
279	19778200	7077300	1423400	704900	4653430	2862310	8405650	2281260	1244310
280	19286000	6863714	1366342	750000	3721580	2770880	8163890	2403000	1352740
281	18445200	6016378	964181	816730	2729420	2607980	7141320	2244370	1142720
282	17638300	4861910	582494	665960	1746100	2435600	7145510	1872360	1002960
283	16408900	3593967	153400	486370	1511990	2082010	6025190	1555340	661230
284	15075520	2227300	153400	149410	1814660	2143530	4536200	1521390	539410
285	14979600	2227300	153400	245000	3049010	2608180	5570350	2037520	986272
286	15872700	1430119	568993	144000	4714000	3409860	8629760	3119780	1405560
287	17810200	227340	1170487	480000	5751510	3652310	8995960	3093320	1112070
288	20075520	3340219	1423400	594110	5703050	3506260	8806550	2329770	1035510
289	19990100	6589495	1411829	589210	5404220	3276560	8707620	2223880	962611
290	19314000	6835726	1325483	640000	5011960	3216650	8808130	2226690	939712
291	18283900	6236888	1245927	700000	4886820	3265170	8654880	2324740	1169620
292	17098700	5996031	1118189	750000	3808310	3086530	7775470	2475990	1366860
293	15939420	5529072	871366	816730	2623630	2858880	7116940	2373620	1244680
294	14875800	3968359	608075	665960	1889150	2584430	7024770	2296810	1203460
295	14488900	3593967	353400	486370	1792200	2371000	7090530	2262810	1093530
296	14057900	2227300	353400	149410	2198600	2471180	5817880	2360180	1155890
297	13699400	2227300	353400	245000	3399760	3115480	6005860	3019280	1364290
298	14658000	2227300	681346	144000	4134890	3605690	8232310	3441460	1353500
299	16619400	3168012	1285220	385763	4784430	3405950	8658810	2911030	1006180
300	19420900	5942861	1423400	594110	4807650	3154550	8370960	2241930	1056680
301	20075520	7327300	1423400	594110	4701120	3067500	8747110	2223240	974715
302	19708400	7091086	1376348	640000	4602080	2980030	8843920	2235640	1126190
303	19178900	6576681	1328321	700000	4260440	2847100	8087530	2225160	1285220
304	18376100	6405018	1246581	750000	3911320	2683490	7423740	2199890	1334620
305	17430400	5780503	919255	816730	3717430	2523120	5681190	2402450	1300440
306	16821300	4712174	573536	665960	3231570	2309900	4903710	2017670	1315130
307	16408900	3593967	153400	486370	3117020	2176370	4636080	2136890	1374090
308	15075520	2227300	153400	149410	3088720	2168340	4516820	2375500	1400330
309	14720600	2227300	153400	245000	3862610	2819390	7727740	3019280	1402420
310	15258200	2044642	552524	144000	4638260	3191660	8405650	3242710	1397850
311	17620250	982843	1207155	437998	4870340	3231670	8459790	2794010	1298190
312	20075520	7327300	1423400	594110	4806840	3147860	8186660	2244500	1132410
313	20075520	7327300	1423400	594110	4650630	3013140	8561680	2197240	1092970
314	20075520	7327300	1423400	644900	4452190	2889680	8793050	2198500	1190690
315	19695700	6946944	1398642	700000	4272530	2828750	8573400	2255190	1320310
316	19427100	6870355	1368636	750000	3881050	2718230	8669030	2284780	1345190
317	18722600	6079979	976294	816730	3279160	2659220	7757820	2402450	1108990
318	17742200	5360633	688400	665960	2774720	2572320	6665090	2162020	977359
319	16408900	4393967	353400	486370	2622240	2506370	6997200	2180880	967758
320	15075520	3427300	353400	149410	2852740	2625050	5943780	2157540	1229470
321	14766800	3427300	353400	245000	3894560	2939740	6842730	2716780	1405950
322	15057480	3427300	534738	173662	5732730	3586860	8848690	3455870	1388730
323	17595500	5178958	1305074	307928	5684380	3585080	8885370	3095300	1351460
324	20075520	7327300	1423400	594110	5102610	3275610	8329450	2433080	1156480
325	20075520	7327300	1423400	594110	5038410	3095630	8921340	2218020	1000700
326	19751700	7119064	1381921	640000	4928990	2977150	8837550	2191190	1049920
327	19370400	6836477	1377662	700000	4812960	2853730	8671390	2189300	1167270
328	19109800	7075734	1423059	750000	3899910	2719890	8789880	2195350	1295310
329	18766400	6327300	1023400	816730	3803400	2589010	8922940	2330700	1395110
330	17242200	4960633	588400	665960	3706390	2521760	8863030	2680700	1298810
331	15408900	3593967	153400	486370	3657630	2507730	8628970	3120280	1359530
332	13575520	2227300	153400	149410	3904900	2836200	8201100	2941122	1293560
333	13484400	2227300	153400	245000	4830130	3161490	7620470	3079820	1405170
334	14436400	1366456	658191	144000	5791940	3596520	8755020	3461390	1401380
335	17117900	1984006	1374408	484900	5618660	3428740	8451270	2934930	1330560
336	19999500	4814118	1423400	594110	4975990	3161250	8197300	2410220	1160570
337	20075520	7327300	1423400	594110	4764120	3062750	8681620	2218150	971127
338	19724700	7101827	1378488	640000	4871990	2984900	8906940	2186780	1028510
339	19307500	6722942	1356100	700000	4614780	2939740	8840730	2176370	1153440
340	18362600	6423624	1248400	750000	3896700	2843460	8725780	2209640	1276280
341	17277000	5690482	902109	816730	3602840	2716790	7677270	2115790	1139470
342	16319100	4306110	549244	665960	3511500	2603380	6951860	2095850	1072160
343	15949400	3508103	153400	486370	3971240	2615400	7132260	2362860	1106370
344	15075520	2227300	153400	149410	3850580	3004000	7496870	2790490	1333730
345	14818900	2227300	153400	245000	4654630	3394720	8263590	3364090	1408310
346	16880500	3394039	808721	144000	5267140	3639460	8828000	3458900	1405430
347	19024200	337632	1413071	484900	5409950	3479370	8654880	2972400	1262330
348	20075520	3767373	1423400	594110	5226550	3211730	8215550	2420740	1219440
349	19777300	6215993	1382959	589210	5308810	3159170	8854270	2249260	1091950
350	19320210	6834209	1325180	640000	5334960	3193520	8848690	2282560	1203460
351	18291400	6230845	1262640	700000	4828490	3186300	8774820	2384950	1331070
352	17142100	6102033	1144952	750000	3891000	3212430	8882180	2627420	1375900
353	15730000	5220838	812659	816730	3907750	3258070	8895750	2755190	1319170
354	14581650	3751139	590491	665960	3951800	3297750	8007870	2878980	1336150
355	14224100	3560859	353400	486370	3971240	3360230	6605220	3086240	1394200
356	13831000	2227300	353400	149410	4172370	3323350	6547680	3319530	1392380
357	13603000	2227300	353400	245000	4934800	3515010	7435180	3423910	1414480
358	15075520	2227300	968655	144000	5751970	3642540	8918140	3463710	1346980
359	17945600	227340	1423400	480000	5540460	3436850	8672180	2981700	1183090
360	20075520	2627559	1423400	589272	5001490	3158480	8201860	2418270	1114130
361	19888100	5829671	1397990	589210	4865820	3103150	8719460	2221080	1122160
362	19323100	6837700	1325876	640000	5261090	3130380	8908540	2204570	1230320
363	18324400	6193857	1255615	700000	4803570	3160330	8303370	2216370	1338820
364	17536100	6381670	1185987	750000	3935650	3128540	8941360	2285430	1418160
365	16719300	5854822	933410	816730	3938160	3189560	8164650	2506950	1203220
366	16353400	4960633	588400	665960	3897060	2922910	6601900	2301270	877970
367	15989900	3593967	153400	486370	3658990	2857590	6562860	2399320	877772
368	15075520	2227300	153400	149410					
369	14851400	2227300	153400	245000					
370	15299450	2003370	481595	144000					
371	17753900	3984101	1259875	340017					
372	20075520	7327300	1423400	594110					
373	20075520	7327300	1423400	594110					
374	20075520	7327300	1423400	644900					
375	19875520	7077300	1423400	704900					
376	19771600	7077300	1423400	750000					
377	19075520	6327300	1023400	816730					
378	17742200	4960633	588400	665960					
379	16408900	3593967	153400	486370					
380	15075520	2227300	153400	149410					
381	15017300	2227300	153400	245000					
382	15075520	2227300	417302	144000					
383	16742700	560083	1054617	480000					
384	20075520	4512691	1423400	594110					
385	20075520	7327300	1423400	594110					
386	19811200	7157373	1389552	640000					
387	19312600	6667923	1345650	700000					
388	18595000	6517314	1279937	750000					
389	17428000	5626447	889913	816730					
390	16684700	4518091	561925	665960					
391	16345700	3593967	153400	486370					
392	15075520	2227300	153400	149410					
393	14853410	2227300	153400	245000					
394	15840900	1461963	631604	144000					
395	19662300	4261883	1423400	484900					
396	20075520	7327300	1423400	594110					
397	20075520	7327300	1423400	594110					
398	19571060	7002594	1358721	640000					
399	19042600	6559275	1325016	700000					
400	17991900	6315735	1205764	750000					
401	16713200	5457996	857829	816730					
402	15747300	4212209	543626	665960					
403	15420900	3514688	153400	486370					
404	14998000	2227300	153400	149410					
405	14966900	2227300	153400	245000					
406	15275250	2027570	478523	144000					
407	17222900	227340	1114827	480000					
408	19978700	3431907	1423400	589210					
409	20040700	7303281	1418672	589210					
410	19601600	7022271	1362641	640000					
411	19210800	6734711	1358335	700000					
412	18767700	6674800	1318210	750000					
413	18408100	6262590	1011075	816730					
414	17742200	4960633	588400	665960					
415	16408900	3593967	153400	486370					
416	15075520	2227300	153400	149410					
417	15004400	2227300	153400	245000					
418	15353100	1949692	509255	144000					
419	17643500	227340	1154038	480000					
420	20075520	3592408	1423400	594110					
421	20075520	7327300	1423400	589210					
422	19840400	7175437	1393150	640000					
423	19236900	6610967	1334833	700000					
424	18291700	6381190	1232638	750000					
425	17059600	5530377	871615	816730					
426	16192200	4344375	551533	665960					
427	15823600	3132607	153400	486370					
428	15075520	2227300	153400	149410					
429	14791900	2227300	153400	245000					
430	15075520	2227300	442630	144000					
431	18727000	7053824	1176133	241992					
432	20075520	7327300	1423400	594110					
433	20075520	7327300	1423400	594110					
434	19944900	7243535	1406715	640000					
435	19875520	7077300	1423400	704900					
436	19506000	6834807	1360596	750000					
437	19075520	6327300	1023400	816730					
438	17742200	4960633	588400	665960					
439	16408900	3593967	153400	486370					
440	15075520	2227300	153400	149410					
441	14984300	2227300	153400	245000					
442	15250200	2052627	478894	144000					
443	17378800	3104544	1085922	374306					
444	20075520	6453246	1423400	594110					
445	20075520	7327300	1423400	594110					
446	19773700	7133694	1384835	640000					
447	19531100	6826390	1375747	700000					
448	18973500	6588554	1297702	750000					
449	17848600	5662765	896830	816730					
450	17111100	4571232	565105	665960					
451	16408900	3593967	153400	486370					
452	15075520	2227300	153400	149410					
453	15075520	2227300	153400	245000					
454	15862530	1440290	539504	144000					
455	17973700	227340	1185804	480000					
456	20075520	5101290	1423400	594110					
457	20075520	7327300	1423400	594110					
458	19769400	7130374	1384174	640000					
459	19172200	6562748	1325675	700000					
460	18229200	6338592	1208817	750000					
461	17256700	5719607	907656	816730					
462	16914700	4960633	588400	665960					
463	16408900	3593967	153400	486370					
464	15075520	2227300	153400	149410					
465	14798250	2227300	153400	245000					
466	15075520	2227300	448843	144000					
467	20075520	7101395	1399802	430485					
468	20075520	7327300	1423400	594110					
469	20075520	7327300	1423400	594110					
470	19924400	7229998	1404018	640000					
471	19533820	6828124	1376076	700000					
472	18971100	6630917	1307977	750000					
473	17878000	5754969	914392	816730					
474	17185900	4639118	569166	665960					
475	16408900	3593967	153400	486370					
476	15075520	2227300	153400	149410					
477	14764690	2227300	153400	245000					
478	15083100	2219722	495452	144000					
479	17448700	227340	1185458	480000					
480	20075520	5501855	1423400	594110					
481	20075520	7327300	1423400	594110					
482	20075520	7327300	1423400	644900					
483	19875520	7077300	1423400	704900					
484	19737600	7077300	1423400	750000					
485	19075520	6327300	1023400	816730					
486	17242200	4960633	588400	665960					
487	15408900	3593967	153400	486370					
488	13575520	2227300	153400	149410					
489	13575520	2227300	153400	245000					
490	14634900	1419133	621027	144000					
491	17631700	1044213	1334596	402976					
492	19915400	3492071	1423400	594110					
493	19955200	6320562	1407101	589210					
494	19415500	6896842	1337656	640000					
495	18722800	6455172	1305244	700000					
496	17782700	6301688	1188201	750000					
497	16425000	5374674	841959	816730					
498	15383800	4078454	616987	665960					
499	15017100	3123576	353400	486370					
500	14586900	2227300	353400	149410					
501	14236720	2227300	353400	245000					
502	14781200	2227300	630843	144000					
503	17168200	3547838	1300141	359006					
504	19638300	5602020	1423400	594110					
505	19987290	7266500	1411431	589210					
506	19414800	6900829	1338451	640000					
507	18486800	6431206	1294588	700000					
508	17376300	6283584	1171800	750000					
509	15942900	5301628	828046	816730					
510	15436800	4834436	580850	665960					
511	15064000	3593967	153400	486370					
512	14623500	2227300	153400	149410					
513	14400900	2227300	153400	245000					
514	15354400	1948458	606972	144000					
515	17812600	4907288	1226109	310287					
516	20075520	7327300	1423400	594110					
517	20075520	7327300	1423400	594110					
518	19856400	7186422	1395338	640000					
519	19332500	6680770	1348090	700000					
520	18382600	6417463	1242401	750000					
521	17057800	5534324	872367	816730					
522	16552700	4890401	584198	665960					
523	14408900	3593967	153400	486370					
524	12075520	2227300	153400	149410					
525	11848100	2227300	153400	245000					
526	13025500	1277349	583482	144000					
527	18400500	6458221	1415940	484900					
528	20075520	7327300	1423400	594110					
529	20075520	7327300	1423400	594110					
530	19915700	7224684	1402960	640000					
531	19553800	6842864	1378875	700000					
532	18619000	6479353	1269181	750000					
533	17433200	5680435	900195	816730					
534	16097400	5010060	527836	665960					
535	15267600	3562910	144859	486370					
536	14865420	3816043	153400	149410					
537	14402500	3680029	153400	245000					
538	15075520	6327300	477696	144000					
539	16477380	4925440	966936	480000					
540	18605800	7327300	1423400	589272					
541	19753000	7132943	1385138	589210					
542	19322900	6836523	1325641	640000					
543	18458800	6224240	1257522	700000					
544	17775300	6365409	1182088	750000					
545	17096400	6023566	965550	816730					
546	16725700	4960633	588400	665960					
547	15408900	3593967	153400	486370					
548	13575520	2227300	153400	149410					
549	13468300	2227300	153400	245000					
550	13575520	2227300	429020	144000					
551	17638400	6825809	1231815	484900					
552	20075520	7327300	1423400	594110					
553	20075520	7327300	1423400	594110					
554	19875300	7198803	1397805	640000					
555	19191000	6577240	1328428	700000					
556	18121000	6268703	1178553	750000					
557	16774200	5363473	839826	816730					
558	15826200	4132717	538871	665960					
559	15505000	2936211	153400	486370					
560	15075520	2227300	153400	149410					
561	14839300	2227300	153400	245000					
562	15075520	2227300	415461	144000					
563	17505700	5406987	943200	266159					
564	20075520	7327300	1423400	594110					
565	20075520	7327300	1423400	594110					
566	19840000	7176204	1393303	640000					
567	19725700	6968114	1402663	700000					
568	19875520	7077300	1423400	750000					
569	19075520	6327300	1023400	816730					
570	17742200	4960633	588400	665960					
571	16408900	3593967	153400	486370					
572	15075520	2227300	153400	149410					
573	15038800	2227300	153400	245000					
574	16025500	1277317	585743	144000					
575	17585000	227340	1077542	480000					
576	20075520	5753033	1423400	594110					
577	20075520	7327300	1423400	594110					
578	20075520	7327300	1423400	644900					
579	19676400	6932213	1395845	700000					
580	18816900	6443788	1259724	750000					
581	17425200	5461119	858424	816730					
582	16294000	5026278	618432	665960					
583	15686600	3639468	341387	486370					
584	15075520	3353305	353400	149410					
585	14975200	3635413	353400	245000					
586	15161700	6241153	628344	144000					
587	16887600	4515176	1161319	480000					
588	18717800	6599796	1423400	589210					
589	19543100	6941500	1347450	589210					
590	18892600	6618373	1282188	640000					
591	17520900	6009789	1162041	700000					
592	16305300	5865233	1048445	750000					
593	15234000	5511820	868080	816730					
594	14210300	3841629	521457	665960					
595	13643100	1895211	147434	486370					
596	13233200	2227300	153400	149410					
597	13122000	2227300	153400	245000					
598	13778800	2227300	438721	144000					
599	15669470	1633350	1026023	480000					
600	18715600	4721208	1423400	594110					
601	19808500	6831869	1387212	589210					
602	20075520	7327300	1423400	644900					
603	19789200	7014425	1411459	700000					
604	19126000	6633736	1311237	750000					
605	17893200	5637005	891923	816730					
606	16575600	3955400	528263	665960					
607	16036400	2206118	149775	486370					
608	15075520	2227300	153400	149410					
609	14858400	2227300	153400	245000					
610	15075520	2227300	446821	144000					
611	16812600	490255	960220	480000					
612	19373500	2936933	1411004	589272					
613	19852300	5081084	1393220	589210					
614	19418300	6199242	1337076	640000					
615	18410300	6134052	1264972	700000					
616	17212500	5919088	1142457	721297					
617	15993700	5370233	841113	816730					
618	14962800	3988221	530227	665960					
619	14458100	1907953	150043	486370					
620	14085900	2014573	153400	149410					
621	14262200	2227300	153400	245000					
622	15830640	1472180	753855	144000					
623	17599300	227340	1291293	480000					
624	19524900	2399029	1423400	589272					
625	19650900	4108887	1365039	589210					
626	19231200	5015789	1311182	640000					
627	18239900	5442483	1248082	700000					
628	17168500	5632602	1145145	750000					
629	16309900	5677693	899673	816730					
630	16030000	4960633	588400	665960					
631	15676000	3593967	153400	486370					
632	15075520	2227300	153400	149410					
633	14973000	2227300	153400	245000					
634	16069690	1233130	609552	144000					
635	17302100	769362	1031374	453837					
636	20075520	4614034	1423400	594110					
637	20075520	7327300	1423400	594110					
638	19828400	7168249	1391718	640000					
639	19276400	6719811	1355505	700000					
640	18677500	6600422	1300032	750000					
641	17750400	5839011	930398	816730					
642	17173190	4885519	583906	665960					
643	15408900	3593967	153400	486370					
644	13575520	2227300	153400	149410					
645	13245900	2227300	153400	245000					
646	13575520	2227300	447339	144000					
647	17119400	5050559	1242547	273958					
648	20075520	7327300	1423400	594110					
649	20075520	7327300	1423400	594110					
650	20075520	7327300	1423400	644900					
651	19760200	6993721	1407527	700000					
652	19067600	6675006	1321215	750000					
653	18120500	5872425	936763	816730					
654	17733100	4952026	587885	665960					
655	16408900	3593967	153400	486370					
656	15075520	2227300	153400	149410					
657	14990800	2227300	153400	245000					
658	15436500	1866363	528268	144000					
659	17135500	227340	1071567	480000					
660	19782600	3768700	1423400	594110					
661	20075520	7327300	1423400	594110					
662	19821000	7163844	1390841	640000					
663	19164500	6626069	1337701	700000					
664	18975900	6852897	1361396	750000					
665	18102100	5919585	945745	816730					
666	17689400	4910221	585384	665960					
667	16408900	3593967	153400	486370					
668	15075520	2227300	153400	149410					
669	14904000	2227300	153400	245000					
670	15028700	2227300	340100	168300					
671	16818000	1770856	935049	432426					
672	19526200	4989823	1423400	594110					
673	20075520	7327300	1423400	594110					
674	19811900	7158195	1389716	640000					
675	19220600	6648499	1341961	700000					
676	18251600	6403765	1238012	750000					
677	16891800	5478825	861796	816730					
678	15533500	3810251	519580	665960					
679	14724200	1917303	144303	486370					
680	14300100	1923250	153400	149410					
681	14118900	2227300	153400	245000					
682	15075520	2227300	619815	144000					
683	16615700	687153	1122295	480000					
684	18986000	2913885	1423400	589272					
685	19516800	4057589	1348107	589210					
686	18866400	4638404	1308636	640000					
687	17770000	5071591	1237645	700000					
688	17063200	5631696	1180974	750000					
689	15563900	5103454	796781	816730					
690	14574100	4017433	531974	665960					
691	14205590	3593967	153400	486370					
692	13910870	2227300	153400	149410					
693	13765550	2227300	153400	245000					
694	14926800	2227300	572029	144000					
695	17966300	227340	1295565	480000					
696	20075520	3365565	1423400	589272					
697	19822950	6410777	1389150	589210					
698	19213600	6767299	1311853	640000					
699	18056900	6205763	1235131	700000					
700	16980870	6065203	1147302	750000					
701	15486800	5124799	794367	816730					
702	14199500	3518371	502118	665960					
703	13467700	1779989	142159	486370					
704	13167900	2227300	153400	149410					
705	13128000	2227300	153400	245000					
706	14870900	2227300	656895	144000					
707	17161300	227340	1295370	480000					
708	19372200	2475451	1423400	589272					
709	19525520	4047135	1349234	589210					
710	19132500	4663697	1300431	640000					
711	17694600	4607833	1168539	664914					
712	16333300	4490024	1027776	736669					
713	15011700	4273079	801600	816730					
714	13851600	3463671	504115	665960					
715	13167200	1701743	142879	486370					
716	12745800	1102898	153400	149410					
717	12854340	1532765	153400	245000					
718	14022300	4516504	563364	144000					
719	16189100	3613714	1225373	480000					
720	18343800	6072253	1423400	589210					
721	19122800	6804725	1320524	589210					
722	18551800	6535579	1265696	640000					
723	17295100	5888863	1170321	700000					
724	16239100	5833515	1068191	750000					
725	14889600	5085641	786909	816730					
726	13551000	3128186	478776	665960					
727	12743300	1127145	136550	486370					
728	12346300	745305	153400	149410					
729	12231000	1987080	153400	245000					
730	13281770	2227300	465377	144000					
731	15329800	1973009	1057767	480000					
732	17618300	4175700	1423400	589210					
733	18770600	5478312	1331956	589210					
734	18282500	5898917	1283968	640000					
735	17064000	5734200	1166244	700000					
736	16363100	6060103	1147302	750000					
737	15321100	5448703	856059	816730					
738	14953700	4911859	585482	665960					
739	14589600	3593967	153400	486370					
740	14251700	2227300	153400	149410					
741	14344200	2227300	153400	245000					
742	15075520	2227300	482532	144000					
743	17350200	706629	1085662	453838					
744	20075520	4476817	1423400	594110					
745	20075520	7327300	1423400	594110					
746	19599900	7021289	1362445	640000					
747	18765500	6448640	1304004	700000					
748	18782800	7077300	1423400	750000					
749	18546500	6286109	1015555	816730					
750	17742200	4960633	588400	665960					
751	16408900	3593967	153400	486370					
752	15075520	2227300	153400	149410					
753	15075520	2227300	153400	245000					
754	15982600	1320205	575328	144000					
755	18125200	227340	1165040	480000					
756	20075520	5357012	1423400	594110					
757	20075520	7327300	1423400	594110					
758	19683400	7074334	1373011	640000					
759	18718000	6314837	1278592	700000					
760	17588400	6108596	1147302	750000					
761	16079100	5167521	802504	816730					
762	14968580	4497195	601071	665960					
763	14363000	2998314	333431	486370					
764	14068200	3401525	353400	149410					
765	14186000	4696930	353400	245000					
766	15075520	6327300	772003	144000					
767	17561700	3841103	1394026	480000					
768	19566300	5752939	1423400	589210					
769	19601700	6996087	1358196	589210					
770	19006860	6705475	1299538	640000					
771	18016360	6089130	1227309	700000					
772	16864300	5955205	1106694	750000					
773	15662800	5365566	840224	816730					
774	14478300	3611036	507662	665960					
775	13677500	1362525	141243	486370					
776	13274800	1851219	153400	149410					
777	13023700	2227300	153400	245000					
778	14620100	2227300	657348	144000					
779	15732100	1570754	1046473	480000					
780	17168100	3422763	1387314	589210					
781	18095700	4720619	1359646	589210					
782	17609600	5136981	1283892	640000					
783	16455990	5049788	1163577	700000					
784	15337740	4838380	1020376	750000					
785	14301500	4630715	816398	816730					
786	13417600	3977768	516997	665960					
787	12772300	2127743	143394	486370					
788	12407400	1801799	153400	149410					
789	12568600	3427300	153400	245000					
790	14065600	3427300	636208	144000					
791	15681100	2821728	1136724	480000					
792	18208300	5707720	1423400	589210					
793	19036500	6842315	1327924	589210					
794	18554900	6589302	1276397	640000					
795	17133700	5871677	1132889	700000					
796	15757800	5488044	984358	750000					
797	14550500	5067034	803139	816730					
798	13485100	3529743	501087	665960					
799	13042210	1828915	146523	486370					
800	12651620	2227300	153400	149410					
801	12468300	2227300	153400	245000					
802	13486000	2227300	527481	144000					
803	15753400	1549413	1169318	480000					
804	18321600	3866391	1423400	594110					
805	19314400	5352056	1361174	589210					
806	19098600	5909760	1294297	640000					
807	18207500	6276739	1271356	700000					
808	18111400	7077300	1375244	750000					
809	17847800	6327300	1023400	816730					
810	17242200	4960633	588400	665960					
811	15408900	3593967	153400	486370					
812	13575520	2227300	153400	149410					
813	13575520	2227300	153400	245000					
814	13837700	1965123	475546	144000					
815	16124600	700621	1131069	447550					
816	19818300	4541572	1423400	594110					
817	20075520	7327300	1423400	594110					
818	19702500	7087944	1375722	640000					
819	19184800	6641314	1340597	700000					
820	18375000	6459946	1258398	750000					
821	17493400	5853754	933207	816730					
822	17075000	4960633	588400	665960					
823	15408900	3593967	153400	486370					
824	13575520	2227300	153400	149410					
825	13406300	2227300	153400	245000					
826	14225300	1577495	614438	144000					
827	17278100	5626131	1328692	336805					
828	20075520	7327300	1423400	594110					
829	20075520	7327300	1423400	594110					
830	20075520	7327300	1423400	644900					
831	19875520	7077300	1423400	704900					
832	19854900	7077300	1423400	750000					
833	19075520	6327300	1023400	816730					
834	17742200	4960633	588400	665960					
835	16408900	3593967	153400	486370					
836	15075520	2227300	153400	149410					
837	15035000	2227300	153400	245000					
838	16568900	733921	716189	144000					
839	17913300	227340	1154583	480000					
840	20075520	2531379	1423400	594110					
841	19857500	5311630	1393936	589210					
842	19325000	6238031	1326282	640000					
843	18186350	6112663	1263302	700000					
844	17100100	5931535	1147302	750000					
845	15903400	5383971	843730	816730					
846	15489500	4866062	582742	665960					
847	15147400	3593967	153400	486370					
848	14833470	2227300	153400	149410					
849	14747200	2227300	153400	245000					
850	15075520	2227300	531053	144000					
851	17821300	5029361	1185178	284506					
852	20075520	7327300	1423400	594110					
853	20075520	7327300	1423400	594110					
854	19760900	7124879	1383080	640000					