Elevation	Volume
1208	3921900
1208.1	3926600
1208.2	3931400
1208.3	3936100
1208.4	3940800
1208.5	3945500
1208.6	3950300
1208.7	3955000
1208.8	3959700
1208.9	3964500
1209	3969200
1209.1	3973900
1209.2	3978600
1209.3	3983400
1209.4	3988100
1209.5	3992800
1209.6	3997600
1209.7	4002300
1209.8	4007000
1209.9	4011800
1210	4016500
1210.1	4021200
1210.2	4025900
1210.3	4030700
1210.4	4035400
1210.5	4040100
1210.6	4044900
1210.7	4049600
1210.8	4054300
1210.9	4059000
1211	4063800
1211.1	4068500
1211.2	4073200
1211.3	4078000
1211.4	4082700
1211.5	4087400
1211.6	4092100
1211.7	4096900
1211.8	4101600
1211.9	4106300
1212	4111100
1212.1	4115800
1212.2	4120500
1212.3	4125300
1212.4	4130000
1212.5	4134700
1212.6	4139400
1212.7	4144200
1212.8	4148900
1212.9	4153600
1213	4158400
1213.1	4163100
1213.2	4167800
1213.3	4172500
1213.4	4177300
1213.5	4182000
1213.6	4186700
1213.7	4191500
1213.8	4196200
1213.9	4200900
1214	4205600
1214.1	4210400
1214.2	4215100
1214.3	4219800
1214.4	4224600
1214.5	4229300
1214.6	4234000
1214.7	4238700
1214.8	4243500
1214.9	4248200
1215	4252900
1215.1	4257700
1215.2	4262400
1215.3	4267100
1215.4	4271800
1215.5	4276600
1215.6	4281300
1215.7	4286000
1215.8	4290800
1215.9	4295500
1216	4300200
1216.1	4304900
1216.2	4309700
1216.3	4314400
1216.4	4319100
1216.5	4323900
1216.6	4328600
1216.7	4333300
1216.8	4338100
1216.9	4342800
1217	4347500
1217.1	4352200
1217.2	4357000
1217.3	4361700
1217.4	4366400
1217.5	4371200
1217.6	4375900
1217.7	4380600
1217.8	4385300
1217.9	4390100
1218	4394800
1218.1	4399500
1218.2	4404300
1218.3	4409000
1218.4	4413700
1218.5	4418400
1218.6	4423200
1218.7	4427900
1218.8	4432600
1218.9	4437400
1219	4442100
1219.1	4446800
1219.2	4451500
1219.3	4456300
1219.4	4461000
1219.5	4465700
1219.6	4470500
1219.7	4475200
1219.8	4479900
1219.9	4484700
1220	4489400
1220.1	4494100
1220.2	4498800
1220.3	4503600
1220.4	4508300
1220.5	4513700
1220.6	4519000
1220.7	4524400
1220.8	4529700
1220.9	4535100
1221	4540400
1221.1	4545800
1221.2	4551100
1221.3	4556500
1221.4	4561800
1221.5	4567200
1221.6	4572500
1221.7	4577900
1221.8	4583300
1221.9	4588600
1222	4594000
1222.1	4599300
1222.2	4604700
1222.3	4610000
1222.4	4615400
1222.5	4620700
1222.6	4626100
1222.7	4631400
1222.8	4636800
1222.9	4642100
1223	4647500
1223.1	4652900
1223.2	4658200
1223.3	4663600
1223.4	4668900
1223.5	4674300
1223.6	4679600
1223.7	4685000
1223.8	4690300
1223.9	4695700
1224	4701000
1224.1	4706400
1224.2	4711700
1224.3	4717100
1224.4	4722500
1224.5	4727800
1224.6	4733200
1224.7	4738500
1224.8	4743900
1224.9	4749200
1225	4754600
1225.1	4759900
1225.2	4765300
1225.3	4770600
1225.4	4776000
1225.5	4781300
1225.6	4786700
1225.7	4792100
1225.8	4797400
1225.9	4802800
1226	4808100
1226.1	4813500
1226.2	4818800
1226.3	4824200
1226.4	4829500
1226.5	4834900
1226.6	4840200
1226.7	4845600
1226.8	4850900
1226.9	4856300
1227	4861700
1227.1	4867000
1227.2	4872400
1227.3	4877700
1227.4	4883100
1227.5	4888400
1227.6	4893800
1227.7	4899100
1227.8	4904500
1227.9	4909800
1228	4915200
1228.1	4920500
1228.2	4925900
1228.3	4931300
1228.4	4936600
1228.5	4942000
1228.6	4947300
1228.7	4952700
1228.8	4958000
1228.9	4963400
1229	4968700
1229.1	4974100
1229.2	4979400
1229.3	4984800
1229.4	4990100
1229.5	4995500
1229.6	5000900
1229.7	5006200
1229.8	5011600
1229.9	5016900
1230	5022300
1230.1	5027600
1230.2	5033000
1230.3	5038300
1230.4	5043700
1230.5	5049000
1230.6	5054400
1230.7	5059700
1230.8	5065100
1230.9	5070500
1231	5075800
1231.1	5081200
1231.2	5086500
1231.3	5091900
1231.4	5097200
1231.5	5102600
1231.6	5107900
1231.7	5113300
1231.8	5118600
1231.9	5124000
1232	5129300
1232.1	5134700
1232.2	5140100
1232.3	5145400
1232.4	5150800
1232.5	5156100
1232.6	5161500
1232.7	5166800
1232.8	5172200
1232.9	5177500
1233	5182900
1233.1	5188200
1233.2	5193600
1233.3	5199000
1233.4	5204300
1233.5	5209700
1233.6	5215000
1233.7	5220400
1233.8	5225700
1233.9	5231100
1234	5236400
1234.1	5241800
1234.2	5247100
1234.3	5252500
1234.4	5257800
1234.5	5263200
1234.6	5268500
1234.7	5273900
1234.8	5280000
1234.9	5286000
1235	5292100
1235.1	5298100
1235.2	5304200
1235.3	5310300
1235.4	5316300
1235.5	5322400
1235.6	5328500
1235.7	5334500
1235.8	5340600
1235.9	5346600
1236	5352700
1236.1	5358800
1236.2	5364800
1236.3	5370900
1236.4	5376900
1236.5	5383000
1236.6	5389100
1236.7	5395100
1236.8	5401200
1236.9	5407300
1237	5413300
1237.1	5419400
1237.2	5425400
1237.3	5431500
1237.4	5437600
1237.5	5443600
1237.6	5449700
1237.7	5455700
1237.8	5461800
1237.9	5467900
1238	5473900
1238.1	5480000
1238.2	5486000
1238.3	5492100
1238.4	5498200
1238.5	5504200
1238.6	5510300
1238.7	5516400
1238.8	5522400
1238.9	5528500
1239	5534500
1239.1	5540600
1239.2	5546700
1239.3	5552700
1239.4	5558800
1239.5	5564900
1239.6	5570900
1239.7	5577000
1239.8	5583000
1239.9	5589100
1240	5595200
1240.1	5601200
1240.2	5607300
1240.3	5613300
1240.4	5619400
1240.5	5625500
1240.6	5631500
1240.7	5637600
1240.8	5643700
1240.9	5649700
1241	5655800
1241.1	5661800
1241.2	5667900
1241.3	5674000
1241.4	5680000
1241.5	5686100
1241.6	5692100
1241.7	5698200
1241.8	5704300
1241.9	5710300
1242	5716400
1242.1	5722400
1242.2	5728500
1242.3	5734600
1242.4	5740600
1242.5	5746700
1242.6	5752800
1242.7	5758800
1242.8	5764900
1242.9	5770900
1243	5777000
1243.1	5788400
1243.2	5799900
1243.3	5811400
1243.4	5822800
1243.5	5825100
1243.6	5827500
1243.7	5829800
1243.8	5832100
1243.9	5834500
1244	5836800
1244.1	5839100
1244.2	5841400
1244.3	5843800
1244.4	5846100
1244.5	5848400
1244.6	5850800
1244.7	5853100
1244.8	5855400
1244.9	5857800
1245	5860100
1245.1	5869400
1245.2	5878700
1245.3	5888000
1245.4	5897300
1245.5	5906600
1245.6	5915900
1245.7	5925200
1245.8	5934500
1245.9	5943700
1246	5953000
1246.1	5962300
1246.2	5971600
1246.3	5980900
1246.4	5990200
1246.5	5999500
1246.6	6008800
1246.7	6015100
1246.8	6021400
1246.9	6027700
1247	6033900
1247.1	6040200
1247.2	6046500
1247.3	6052800
1247.4	6059100
1247.5	6065400
1247.6	6071700
1247.7	6077900
1247.8	6084200
1247.9	6090500
1248	6096800
1248.1	6103100
1248.2	6109400
1248.3	6115700
1248.4	6122000
1248.5	6128200
1248.6	6134500
1248.7	6140800
1248.8	6147100
1248.9	6153400
1249	6159700
1249.1	6166000
1249.2	6172200
1249.3	6178500
1249.4	6184800
1249.5	6191100
1249.6	6197400
1249.7	6203700
1249.8	6210000
1249.9	6216300
1250	6222500
1250.1	6228800
1250.2	6235100
1250.3	6241400
1250.4	6247700
1250.5	6254000
1250.6	6260300
1250.7	6266500
1250.8	6272800
1250.9	6279100
1251	6285400
1251.1	6291700
1251.2	6298000
1251.3	6304300
1251.4	6310500
1251.5	6316800
1251.6	6323100
1251.7	6329400
1251.8	6335700
1251.9	6342000
1252	6348300
1252.1	6354500
1252.2	6360800
1252.3	6367100
1252.4	6373400
1252.5	6379700
1252.6	6386000
1252.7	6392300
1252.8	6398600
1252.9	6404800
1253	6411100
1253.1	6417400
1253.2	6423700
1253.3	6430000
1253.4	6436300
1253.5	6442600
1253.6	6448800
1253.7	6455100
1253.8	6461400
1253.9	6467700
1254	6474000
1254.1	6480300
1254.2	6486600
1254.3	6492900
1254.4	6499100
1254.5	6505400
1254.6	6511700
1254.7	6518000
1254.8	6524300
1254.9	6530600
1255	6536900
1255.1	6543100
1255.2	6549400
1255.3	6555700
1255.4	6562000
1255.5	6568300
1255.6	6574600
1255.7	6580900
1255.8	6587100
1255.9	6593400
1256	6599700
1256.1	6606000
1256.2	6613000
1256.3	6620000
1256.4	6627000
1256.5	6634000
1256.6	6641000
1256.7	6648000
1256.8	6655000
1256.9	6662000
1257	6669000
1257.1	6676000
1257.2	6683000
1257.3	6690000
1257.4	6697000
1257.5	6704000
1257.6	6711000
1257.7	6717900
1257.8	6724900
1257.9	6731900
1258	6738900
1258.1	6745900
1258.2	6752900
1258.3	6759900
1258.4	6766900
1258.5	6773900
1258.6	6780900
1258.7	6787900
1258.8	6794900
1258.9	6801900
1259	6808900
1259.1	6815900
1259.2	6822900
1259.3	6829900
1259.4	6836900
1259.5	6843900
1259.6	6850900
1259.7	6857900
1259.8	6864900
1259.9	6871900
1260	6878900
1260.1	6885900
1260.2	6892900
1260.3	6899900
1260.4	6906900
1260.5	6913900
1260.6	6920900
1260.7	6927800
1260.8	6934900
1260.9	6941800
1261	6948800
1261.1	6955800
1261.2	6962800
1261.3	6969800
1261.4	6976800
1261.5	6983800
1261.6	6990800
1261.7	6997800
1261.8	7004800
1261.9	7011800
1262	7018800
1262.1	7025800
1262.2	7032800
1262.3	7039800
1262.4	7046800
1262.5	7053800
1262.6	7060800
1262.7	7067800
1262.8	7074800
1262.9	7081800
1263	7088800
1263.1	7095800
1263.2	7102800
1263.3	7109800
1263.4	7116800
1263.5	7123800
1263.6	7130800
1263.7	7137700
1263.8	7144800
1263.9	7151700
1264	7158700
1264.1	7165700
1264.2	7172700
1264.3	7179700
1264.4	7186700
1264.5	7193700
1264.6	7200700
1264.7	7207700
1264.8	7214700
1264.9	7221700
1265	7228700
1265.1	7235700
1265.2	7242700
1265.3	7249700
1265.4	7256700
1265.5	7263700
1265.6	7270700
1265.7	7277700
1265.8	7284700
1265.9	7291700
1266	7298700
1266.1	7305700
1266.2	7312700
1266.3	7319700
1266.4	7326700
1266.5	7333700
1266.6	7340700
1266.7	7347600
1266.8	7354700
1266.9	7361600
1267	7368600
1267.1	7375600
1267.2	7382600
1267.3	7389600
1267.4	7396600
1267.5	7403600
1267.6	7410600
1267.7	7417600
1267.8	7424600
1267.9	7431600
1268	7438600
1268.1	7445600
1268.2	7452600
1268.3	7459600
1268.4	7466600
1268.5	7473600
1268.6	7480600
1268.7	7487600
1268.8	7494600
1268.9	7501600
1269	7508600
1269.1	7515600
1269.2	7522600
1269.3	7529600
1269.4	7536600
1269.5	7543600
1269.6	7550600
1269.7	7557500
1269.8	7564600
1269.9	7571500
1270	7578500
1270.1	7585500
1270.2	7592500
1270.3	7599500
1270.4	7606500
1270.5	7613500
1270.6	7620500
1270.7	7627500
1270.8	7634500
1270.9	7641500
1271	7648500
1271.1	7655500
1271.2	7662500
1271.3	7669500
1271.4	7676500
1271.5	7683500
1271.6	7690500
1271.7	7697500
1271.8	7704500
1271.9	7711500
1272	7718500
1272.1	7725500
1272.2	7732500
1272.3	7739500
1272.4	7746500
1272.5	7753500
1272.6	7760500
1272.7	7767500
1272.8	7774500
1272.9	7781400
1273	7788400
1273.1	7795400
1273.2	7802400
1273.3	7809400
1273.4	7816400
1273.5	7823400
1273.6	7830400
1273.7	7837400
1273.8	7844400
1273.9	7851400
1274	7858400
1274.1	7865400
1274.2	7872400
1274.3	7879400
1274.4	7886400
1274.5	7894200
1274.6	7902000
1274.7	7909900
1274.8	7917700
1274.9	7925500
1275	7933400
1275.1	7941200
1275.2	7949000
1275.3	7956800
1275.4	7964700
1275.5	7972500
1275.6	7980300
1275.7	7988100
1275.8	7996000
1275.9	8003800
1276	8011600
1276.1	8019500
1276.2	8027300
1276.3	8035100
1276.4	8042900
1276.5	8050800
1276.6	8058600
1276.7	8066400
1276.8	8074200
1276.9	8082100
1277	8089900
1277.1	8097700
1277.2	8105500
1277.3	8113400
1277.4	8121200
1277.5	8129000
1277.6	8136900
1277.7	8144700
1277.8	8152500
1277.9	8160300
1278	8168200
1278.1	8176000
1278.2	8183800
1278.3	8191700
1278.4	8199500
1278.5	8207300
1278.6	8215100
1278.7	8223000
1278.8	8230800
1278.9	8238600
1279	8246400
1279.1	8254300
1279.2	8262100
1279.3	8269900
1279.4	8277700
1279.5	8285600
1279.6	8293400
1279.7	8301200
1279.8	8309100
1279.9	8316900
1280	8324700
1280.1	8332500
1280.2	8340400
1280.3	8348200
1280.4	8356000
1280.5	8363800
1280.6	8371700
1280.7	8379500
1280.8	8387300
1280.9	8395200
1281	8403000
1281.1	8410800
1281.2	8418600
1281.3	8426500
1281.4	8434300
1281.5	8442100
1281.6	8449900
1281.7	8457800
1281.8	8465600
1281.9	8473400
1282	8481200
1282.1	8489100
1282.2	8496900
1282.3	8504700
1282.4	8512600
1282.5	8520400
1282.6	8528200
1282.7	8536000
1282.8	8543900
1282.9	8551700
1283	8559500
1283.1	8567300
1283.2	8575200
1283.3	8583000
1283.4	8590800
1283.5	8598600
1283.6	8606500
1283.7	8614300
1283.8	8622100
1283.9	8630000
1284	8637800
1284.1	8645600
1284.2	8653400
1284.3	8661300
1284.4	8669100
1284.5	8676900
1284.6	8684700
1284.7	8692600
1284.8	8700400
1284.9	8708200
1285	8716100
1285.1	8723900
1285.2	8731700
1285.3	8739500
1285.4	8747400
1285.5	8755200
1285.6	8763000
1285.7	8770800
1285.8	8778700
1285.9	8786500
1286	8794300
1286.1	8802100
1286.2	8810000
1286.3	8817800
1286.4	8825600
1286.5	8833500
1286.6	8841300
1286.7	8849100
1286.8	8856900
1286.9	8864800
1287	8872600
1287.1	8880400
1287.2	8888200
1287.3	8896100
1287.4	8903900
1287.5	8911700
1287.6	8919600
1287.7	8927400
1287.8	8935200
1287.9	8943000
1288	8950900
1288.1	8958700
1288.2	8966500
1288.3	8974300
1288.4	8982200
1288.5	8990000
1288.6	8997800
1288.7	9005600
1288.8	9013500
1288.9	9021300
1289	9029100
1289.1	9037000
1289.2	9044800
1289.3	9052600
1289.4	9060400
1289.5	9068300
1289.6	9076100
1289.7	9083900
1289.8	9091800
1289.9	9099600
1290	9107400
