time	ModRockIslandFlowData
1	6748070
2	3686940
3	3031040
4	2368950
5	1883300
6	1441270
7	1200480
8	1981010
9	2734700
10	11301500
11	17384300
12	8606620
13	5482230
14	3037870
15	2083410
16	1469560
17	1652780
18	1065260
19	1731650
20	1973380
21	7403690
22	11202500
23	14658500
24	10531600
25	6189740
26	3660640
27	2135400
28	1792750
29	1426990
30	1417710
31	1495920
32	2329950
33	3957890
34	13507100
35	13514800
36	8561830
37	5020020
38	3698990
39	2192790
40	2080510
41	1677210
42	1624370
43	1681140
44	4688950
45	8883160
46	19737600
47	21387400
48	11186600
49	6366490
50	3234270
51	2534590
52	3533920
53	3333550
54	2532900
55	1585080
56	2543870
57	5792750
58	15651300
59	28296100
60	18003200
61	8019310
62	4297930
63	4346850
64	5883080
65	7536680
66	6518770
67	4166180
68	5670370
69	16369200
70	22265600
71	16491600
72	9101290
73	5513710
74	3149470
75	2710360
76	4305880
77	2919130
78	2957790
79	3231370
80	3271750
81	5217700
82	15784700
83	20777800
84	14381000
85	6559310
86	3639370
87	2396460
88	1857060
89	1633320
90	1654860
91	1004540
92	2229250
93	8325140
94	19560100
95	16478700
96	8217310
97	5030720
98	2892270
99	2011490
100	1415330
101	1487750
102	1010350
103	1092730
104	1639810
105	3462370
106	12401500
107	16593700
108	9785190
109	4856620
110	3289310
111	2680830
112	3445940
113	2685050
114	2919190
115	1908340
116	3688000
117	8539800
118	18271200
119	21199800
120	11285000
121	4474770
122	3684170
123	2659940
124	2025650
125	1850900
126	2014000
127	1355070
128	2566460
129	7392540
130	17820400
131	13096900
132	10296200
133	5427560
134	3019460
135	2880800
136	2660700
137	2907900
138	1841620
139	1998100
140	3874620
141	7292060
142	15277900
143	13412600
144	8261540
145	4706010
146	3833350
147	3549160
148	2297540
149	2172040
150	1973360
151	1670240
152	3255520
153	6636100
154	11405300
155	11358200
156	7533770
157	4596430
158	4405720
159	4970300
160	3833810
161	5415470
162	2699260
163	2201670
164	2361000
165	6754000
166	14258100
167	17127200
168	12759500
169	6323170
170	3068070
171	2548090
172	2475730
173	2431050
174	1904320
175	1938060
176	2474000
177	12859700
178	14162900
179	19858200
180	16845500
181	6785790
182	3054710
183	2730030
184	2033290
185	1916420
186	1615890
187	1463870
188	1772250
189	3444340
190	10603700
191	12919300
192	6820560
193	4899260
194	3515150
195	2916780
196	2461240
197	1757900
198	2172040
199	2002370
200	2455810
201	3240510
202	15441100
203	18640500
204	9821020
205	4673670
206	2959980
207	2360210
208	2704980
209	2395390
210	2505550
211	1848570
212	3223230
213	8549170
214	23496300
215	21483800
216	12669300
217	5927610
218	3787120
219	2668080
220	2703390
221	3722440
222	2491830
223	2838960
224	4087160
225	8399130
226	21958600
227	19043500
228	11538700
229	5402540
230	3725320
231	5793920
232	4329330
233	3086110
234	2850010
235	2258700
236	2564070
237	6822550
238	24732000
239	32371900
240	11979100
241	7972490
242	4329280
243	3386980
244	2718730
245	2022460
246	1653440
247	2127220
248	3477730
249	8881050
250	23352000
251	15018300
252	7956430
253	5189090
254	3105320
255	2404060
256	3293790
257	3258940
258	2205310
259	2435270
260	4606270
261	6615600
262	16068000
263	28913700
264	19612600
265	7693970
266	3956640
267	3971820
268	4439550
269	4915810
270	4099050
271	5101540
272	3768230
273	9132490
274	24395400
275	19451500
276	16184800
277	6791410
278	3918860
279	4936290
280	3436950
281	3070260
282	2518320
283	2533120
284	2862890
285	10381100
286	21383300
287	17430000
288	11359700
289	5788230
290	2909200
291	2171160
292	1555490
293	1648860
294	2947890
295	3074810
296	2737770
297	4691420
298	16264200
299	23304800
300	14466500
301	6663700
302	3655080
303	3260240
304	3124400
305	2796550
306	2380780
307	2736530
308	3255850
309	5472410
310	21820400
311	24247800
312	22411200
313	9544220
314	6033470
315	3732420
316	4320490
317	3320830
318	2352210
319	2102670
320	2227920
321	4169280
322	12236700
323	26378400
324	18954400
325	7279630
326	3752960
327	3949290
328	4495020
329	4195980
330	3414560
331	2132590
332	3640480
333	12227100
334	26387500
335	26292000
336	13988100
337	6344860
338	3684140
339	3460170
340	2612350
341	2904600
342	1902460
343	2208310
344	3249080
345	5575140
346	28166600
347	18429100
348	8630630
349	4712560
350	3036710
351	2655600
352	2251220
353	2134150
354	2138440
355	3112580
356	3632290
357	6571920
358	23495600
359	18493500
360	8579640
361	5129720
362	3343310
363	3493250
364	3478160
365	3624150
366	4133180
367	2600660
368	3465500
369	8109380
370	18783400
371	27571300
372	16832700
373	6816790
374	6728650
375	6571040
376	5750360
377	4535320
378	2732370
379	2842890
380	4029500
381	10151300
382	14665200
383	21413800
384	14289000
385	6161640
386	3895980
387	3239440
388	3184430
389	2214070
390	2387860
391	4466960
392	4387350
393	6608010
394	22047200
395	29320900
396	9806170
397	5680730
398	3055160
399	3397170
400	2380110
401	2248100
402	2184840
403	2689250
404	2608460
405	9336170
406	15376900
407	20019100
408	11201500
409	6588940
410	3380050
411	3483430
412	3827290
413	3741380
414	2683370
415	3911040
416	3575590
417	6152510
418	14669300
419	18771300
420	11654300
421	5873660
422	4050660
423	3053430
424	2986850
425	2539470
426	2363830
427	1914920
428	2326260
429	4817810
430	15191200
431	28614900
432	16650000
433	7248680
434	4766280
435	4435790
436	3484550
437	3940100
438	3186550
439	3067770
440	3456590
441	9248340
442	17860600
443	23166300
444	12507000
445	7674040
446	3546070
447	3397760
448	3274060
449	2373730
450	2392730
451	1816950
452	3021840
453	7697290
454	17114100
455	19823700
456	13070200
457	6290270
458	3815230
459	2707240
460	2604170
461	3165330
462	3122690
463	3007000
464	3334640
465	4394080
466	16669900
467	32568400
468	15953000
469	6665950
470	3967030
471	3407980
472	3393190
473	2435660
474	2802360
475	3718120
476	5510570
477	4288200
478	15214700
479	22563700
480	14728600
481	6946760
482	5333980
483	4268290
484	4152940
485	3188460
486	3011200
487	2164340
488	3269810
489	12111000
490	23620100
491	22032400
492	11201600
493	4965360
494	3353570
495	3422220
496	3006700
497	2424540
498	2385480
499	2484360
500	2888830
501	3885740
502	14867700
503	21162800
504	9151020
505	5075940
506	2819470
507	2378390
508	1949130
509	2120670
510	2806050
511	4539150
512	3447550
513	7007580
514	24774400
515	25141400
516	14267100
517	7874570
518	3735350
519	3132440
520	2685720
521	2214920
522	2288700
523	2770110
524	8291000
525	7197540
526	23952500
527	34608800
528	18121900
529	9342930
530	4262730
531	3348190
532	2583580
533	2552620
534	2532240
535	1902420
536	2884510
537	3939300
538	12942400
539	14177100
540	8792720
541	4603700
542	2607870
543	2528330
544	3603330
545	4208720
546	6880380
547	4193620
548	4766370
549	10467800
550	18687400
551	34422000
552	18598300
553	7986450
554	3829660
555	2293520
556	2210790
557	2178550
558	1953300
559	1811980
560	2891580
561	4106060
562	15975100
563	24557200
564	15382100
565	6341040
566	3980350
567	4049810
568	4710700
569	5600750
570	3449380
571	2906150
572	3252250
573	7999740
574	23481500
575	18549200
576	17907700
577	12950800
578	6722110
579	3099470
580	2418480
581	1986300
582	1744870
583	1593520
584	1934080
585	4163180
586	10164000
587	12089600
588	6426550
589	5406610
590	3302550
591	2235990
592	2489130
593	3926360
594	2640760
595	2248450
596	4037510
597	8188550
598	16170400
599	20350100
600	13636200
601	6336630
602	6183810
603	3774370
604	2802780
605	1767960
606	1700260
607	1744190
608	3335550
609	4525200
610	16725700
611	14616400
612	8886140
613	4586150
614	3135190
615	2028010
616	1394720
617	2390980
618	1879330
619	1790710
620	2906610
621	8559910
622	22327600
623	15898400
624	8498500
625	4411860
626	3636360
627	3119000
628	3238960
629	4994760
630	4462860
631	3775390
632	4054380
633	6225850
634	19749300
635	19240700
636	14926200
637	8043040
638	3796160
639	3219710
640	3337020
641	2634640
642	2207180
643	4602020
644	4733770
645	5606560
646	17879400
647	26482600
648	15480700
649	7587240
650	5087360
651	3601870
652	2930430
653	2791650
654	3318220
655	3450860
656	6737750
657	7641950
658	17346600
659	19166000
660	14034500
661	7250640
662	3979250
663	2624620
664	4725340
665	2395910
666	3668190
667	2645980
668	4183170
669	6767150
670	10925400
671	21826300
672	13531700
673	6504350
674	3622470
675	2677740
676	2603560
677	1838300
678	1358690
679	1224020
680	2166610
681	6943280
682	18232100
683	16030100
684	7931650
685	4047940
686	3406110
687	3579170
688	3894730
689	2218530
690	2047800
691	2829860
692	6662610
693	7735640
694	14436600
695	19965200
696	9721480
697	5184380
698	2959120
699	2652510
700	2794430
701	2137850
702	1610250
703	1704420
704	4639840
705	7207780
706	18039200
707	12748200
708	7494710
709	4168040
710	2684960
711	1472360
712	1500720
713	1700340
714	1415580
715	1399590
716	2415140
717	8064540
718	14255400
719	15191300
720	8245690
721	4459000
722	2559550
723	3036000
724	3157310
725	2257860
726	1944410
727	1537670
728	3073440
729	8551100
730	16343700
731	17619000
732	8865850
733	5836960
734	3350360
735	2428660
736	4913160
737	3921950
738	3574410
739	2448290
740	3292750
741	10673400
742	14490900
743	23571800
744	14420000
745	6546250
746	3182200
747	2692890
748	6219500
749	3807220
750	2928510
751	4015240
752	3800750
753	7937230
754	19694700
755	21905600
756	17338200
757	8117710
758	3478680
759	2066090
760	2096700
761	2014430
762	1916010
763	2540180
764	4066460
765	6653020
766	14147100
767	12838900
768	7298040
769	4033940
770	2478960
771	2755380
772	2328670
773	1652680
774	1566960
775	1341880
776	2757490
777	5636280
778	18957000
779	12138000
780	9107300
781	5854140
782	3213350
783	2292120
784	1753310
785	1932260
786	2076290
787	1307110
788	2982730
789	9050880
790	15477800
791	13209800
792	8846450
793	4357010
794	2420760
795	1853610
796	1582980
797	1998340
798	2374820
799	4376100
800	5612350
801	5580170
802	15347200
803	20381600
804	10777300
805	5817080
806	3507420
807	4123620
808	6225050
809	7807530
810	4129280
811	6194100
812	5265260
813	11487200
814	16726600
815	24392800
816	16759700
817	7128590
818	3666710
819	3108580
820	2827700
821	2647670
822	3719660
823	3089610
824	6009320
825	9897850
826	26943700
827	28846500
828	15706100
829	7290660
830	5239250
831	6030680
832	4168540
833	2785530
834	2680120
835	2764980
836	4151730
837	6896870
838	21939700
839	15368000
840	9857450
841	5100690
842	2996130
843	2037450
844	2472800
845	2835630
846	3340170
847	2652400
848	4860460
849	7941460
850	16232600
851	24858500
852	17364600
853	9953100
854	3736510