time	ModWellsFlowData
1	6340500
2	3491680
3	2833900
4	2222840
5	1779530
6	1371740
7	1171830
8	1905160
9	2669310
10	10847700
11	16246600
12	8042870
13	5334800
14	2924370
15	1974220
16	1390720
17	1594430
18	974046
19	1623040
20	1817340
21	7044830
22	10535200
23	13877700
24	10096000
25	6020660
26	3511550
27	2090080
28	1754600
29	1425450
30	1385010
31	1419150
32	2264450
33	3823860
34	12709500
35	12989300
36	8302290
37	4862130
38	3607210
39	2186890
40	2012470
41	1637260
42	1521570
43	1549930
44	4398720
45	8592370
46	19034800
47	20525600
48	10777700
49	6232660
50	3135580
51	2495630
52	3211590
53	3114640
54	2380380
55	1510610
56	2507020
57	5656160
58	15180900
59	26820500
60	16828900
61	7741650
62	4150120
63	4099100
64	5445400
65	7187000
66	6258170
67	3931330
68	5210270
69	15170000
70	20993700
71	15619600
72	8872760
73	5415630
74	3069020
75	2619060
76	3983290
77	2708400
78	2712480
79	2950880
80	3077650
81	5028330
82	15042300
83	19595700
84	13859000
85	6273550
86	3526010
87	2322110
88	1791240
89	1590260
90	1600730
91	984821
92	2148810
93	8145320
94	18750500
95	15705100
96	8121040
97	5032130
98	2835740
99	1968840
100	1397370
101	1441110
102	956435
103	1049560
104	1550870
105	3360060
106	11912000
107	15212600
108	9467710
109	4822260
110	3219210
111	2614390
112	3318640
113	2545240
114	2794150
115	1814040
116	3552840
117	8255610
118	17343700
119	20444200
120	10999600
121	4388880
122	3655940
123	2581550
124	1970510
125	1777830
126	1879620
127	1292150
128	2501050
129	7171600
130	17320300
131	12622700
132	10116900
133	5387420
134	2972210
135	2838390
136	2528580
137	2746100
138	1756140
139	1960850
140	3754320
141	6969380
142	14520900
143	13017200
144	8175600
145	4648760
146	3807320
147	3439700
148	2183600
149	2078390
150	1903730
151	1604540
152	3077300
153	6071640
154	10944200
155	10917100
156	7340640
157	4535880
158	4303460
159	4710090
160	3628300
161	5202870
162	2531010
163	2073940
164	2270160
165	6379960
166	13514900
167	16469000
168	12575200
169	6147620
170	2976290
171	2411300
172	2318170
173	2224830
174	1725790
175	1784900
176	2327100
177	12264900
178	13212000
179	18412400
180	15707100
181	6287180
182	2869570
183	2590930
184	1921360
185	1768660
186	1527350
187	1315160
188	1594700
189	3180860
190	9902970
191	11999800
192	6378580
193	4678640
194	3374930
195	2788020
196	2330690
197	1628460
198	1955480
199	1782050
200	2281280
201	3030700
202	14681300
203	17362200
204	9400110
205	4479310
206	2833480
207	2210680
208	2503850
209	2266350
210	2346170
211	1762450
212	3092920
213	8304850
214	22123900
215	20419200
216	11990900
217	5664090
218	3616370
219	2500880
220	2590800
221	3542160
222	2373450
223	2686930
224	3832000
225	7873510
226	20626400
227	18070000
228	11105400
229	5229390
230	3598490
231	5613350
232	4039720
233	2893020
234	2747950
235	2134260
236	2460840
237	6682900
238	23792700
239	29990500
240	10910200
241	7444650
242	3952980
243	3082660
244	2480090
245	1859960
246	1540920
247	1984800
248	3264770
249	8376880
250	21383800
251	13471100
252	7293410
253	4883370
254	2916340
255	2257910
256	2898720
257	2882340
258	2077030
259	2306400
260	4377570
261	6266670
262	14978500
263	27053200
264	18467700
265	7029480
266	3676500
267	3703330
268	4054710
269	4555510
270	3712240
271	4759860
272	3435740
273	8455660
274	22897900
275	18147500
276	15542700
277	6361420
278	3680660
279	4692940
280	3194290
281	2894060
282	2416460
283	2386880
284	2672990
285	9974460
286	20406300
287	16602400
288	10927000
289	5602840
290	2889320
291	2159340
292	1574040
293	1655030
294	2830140
295	2924650
296	2637320
297	4462420
298	15116200
299	22103300
300	13588200
301	6394480
302	3552610
303	3096320
304	2944790
305	2623200
306	2271760
307	2612360
308	3137460
309	5208180
310	20680300
311	22802300
312	21119100
313	9022430
314	5667730
315	3519600
316	3933340
317	3012750
318	2194930
319	1951080
320	2037860
321	3901150
322	11471600
323	24346700
324	17395400
325	6569850
326	3520150
327	3711660
328	3961570
329	3986570
330	3241760
331	2048000
332	3491540
333	11503200
334	24407300
335	23983400
336	12885200
337	5930720
338	3483500
339	3242640
340	2394260
341	2579940
342	1769670
343	2071220
344	3116150
345	5249060
346	26236400
347	17225600
348	8157230
349	4474740
350	2958820
351	2578450
352	2157710
353	2037660
354	2065610
355	2998050
356	3426350
357	6184520
358	21812200
359	17360200
360	8155830
361	4938720
362	3262620
363	3311750
364	3217180
365	3260750
366	3853810
367	2422490
368	3162570
369	7465700
370	17383000
371	25702800
372	15644800
373	6361530
374	6431940
375	6025080
376	5166440
377	3949610
378	2549930
379	2636050
380	3856420
381	9435390
382	13600200
383	19991000
384	13452900
385	5792520
386	3774530
387	3255380
388	3159570
389	2263660
390	2278120
391	4293500
392	4016470
393	6315460
394	21035200
395	28354100
396	9346230
397	5521230
398	3040850
399	3272720
400	2327650
401	2151940
402	2030510
403	2658100
404	2489990
405	8820920
406	14726000
407	19017700
408	10648300
409	6304650
410	3219750
411	3504810
412	3666310
413	3740070
414	2562900
415	3759740
416	3418670
417	5981520
418	13971000
419	17911500
420	11294700
421	5898200
422	3956730
423	2781610
424	2645120
425	2343000
426	2170590
427	1614600
428	2052360
429	4365910
430	14619900
431	27403600
432	15697400
433	6782140
434	4033190
435	4325260
436	3433120
437	3872620
438	3123960
439	2873260
440	3240600
441	8729910
442	16831900
443	22018200
444	12039100
445	7492460
446	3511520
447	3398580
448	3219950
449	2385580
450	2369620
451	1858990
452	3030830
453	7168030
454	16047800
455	18842000
456	12616400
457	6178200
458	3784910
459	2884810
460	2705230
461	3100160
462	3097490
463	2903630
464	3245860
465	4279720
466	16060900
467	31279100
468	15370000
469	6529620
470	3964350
471	3047640
472	3058890
473	2216280
474	2422440
475	3345170
476	4989380
477	4055540
478	14540200
479	21448700
480	13955000
481	6861890
482	5284530
483	4232840
484	3988440
485	3179860
486	3125550
487	2479570
488	3466940
489	12169700
490	22345800
491	20839000
492	10992700
493	5114110
494	3543210
495	3153060
496	2632960
497	2119720
498	2164210
499	2301970
500	2727040
501	3474070
502	14292800
503	20065200
504	8876690
505	4859570
506	2599390
507	2369380
508	1950000
509	2077850
510	2675230
511	4321050
512	3553170
513	6946410
514	23988700
515	23567600
516	12894000
517	7607010
518	3588370
519	2844280
520	2406560
521	2253330
522	2357380
523	2481450
524	7603630
525	6587570
526	21889100
527	31533600
528	16408300
529	8620940
530	3886460
531	2931720
532	2218970
533	2345520
534	2343400
535	1805290
536	2886620
537	3712530
538	12362500
539	13799700
540	8770560
541	4755520
542	2653540
543	2467560
544	3509550
545	4197710
546	6847590
547	4210500
548	4432390
549	10105100
550	17846100
551	32411900
552	17436300
553	7951120
554	3871310
555	2147430
556	2353020
557	2149040
558	1961390
559	2076090
560	3281750
561	4233510
562	15409500
563	23490200
564	14662100
565	6063650
566	3919390
567	3592120
568	4129770
569	4853400
570	3382010
571	3154150
572	3532970
573	7939200
574	22782700
575	17972400
576	17049800
577	11875900
578	6812910
579	3063730
580	2065970
581	1728000
582	1785670
583	1612820
584	1741390
585	3605540
586	9725680
587	11223600
588	5840200
589	5102230
590	3132280
591	2110680
592	2252340
593	3487100
594	2396980
595	2068840
596	3799180
597	7890760
598	15452400
599	19115200
600	13273300
601	6259450
602	6159890
603	3592040
604	2669120
605	1737470
606	1648700
607	1836620
608	3072710
609	4112810
610	15781900
611	14018400
612	8558220
613	4502890
614	3055820
615	1925430
616	1313940
617	2054980
618	1754150
619	1652330
620	2605320
621	8028900
622	21448100
623	15438200
624	8134970
625	4280780
626	3518750
627	3112620
628	3012440
629	4536660
630	4045300
631	3446880
632	3693770
633	5936900
634	18961200
635	18304800
636	14792700
637	8066250
638	3891690
639	3172400
640	3207210
641	2689670
642	2215270
643	4338040
644	4843490
645	5300590
646	16628300
647	25250800
648	15042100
649	7570550
650	5088460
651	3555440
652	3032120
653	2737830
654	3262740
655	3316410
656	6066920
657	6991330
658	16162400
659	18193100
660	13830800
661	7365160
662	3855960
663	2565440
664	4497890
665	2461760
666	3483390
667	2640510
668	4066540
669	6732940
670	10661000
671	20817600
672	12823000
673	6426320
674	3604260
675	2650040
676	2600320
677	1858220
678	1513860
679	1294970
680	2128570
681	6591790
682	17558100
683	15322100
684	7622290
685	3936750
686	3297370
687	3531990
688	3849080
689	2299790
690	1928280
691	2718960
692	6382330
693	7504340
694	13900400
695	19343100
696	9605010
697	4986150
698	2805690
699	2532360
700	2593300
701	2059960
702	1573130
703	1634200
704	4453030
705	6886460
706	17159100
707	12233900
708	7324780
709	4118710
710	2757430
711	1562650
712	1518040
713	1690160
714	1388010
715	1369070
716	2320150
717	7816710
718	13697900
719	14590400
720	7986630
721	4496570
722	2723370
723	3049950
724	3103260
725	2303330
726	2139440
727	1654740
728	3209260
729	8325640
730	16061600
731	17063600
732	8755230
733	6057750
734	3620680
735	2734610
736	5122970
737	4069930
738	3921270
739	2898140
740	3942110
741	10768200
742	14515200
743	23309900
744	14320300
745	6686040
746	3082500
747	2550300
748	5597820
749	3638790
750	2939140
751	3807580
752	3921200
753	8037440
754	19583200
755	21452900
756	16747800
757	8038300
758	3509380
759	2107190
760	2058810
761	1985810
762	1900990
763	2424660
764	3752980
765	6316320
766	13598700
767	12408300
768	7180950
769	3893590
770	2422550
771	2747380
772	2258780
773	1532330
774	1458890
775	1254360
776	2662130
777	5450540
778	18173500
779	11635700
780	9041010
781	5833210
782	3199610
783	2300640
784	1745040
785	1897140
786	1958490
787	1354010
788	2866820
789	8741220
790	14950600
791	12928700
792	8706320
793	4344880
794	2435100
795	1838140
796	1552330
797	1855480
798	2226530
799	4003790
800	5247590
801	5230200
802	14280000
803	19460500
804	10256600
805	5683770
806	3473860
807	3907610
808	5535130
809	7281830
810	3910490
811	6086630
812	5132590
813	11073600
814	16476500
815	24115100
816	16183600
817	6841610
818	3614940
819	3092310
820	2758210
821	2632370
822	3669370
823	2902470
824	5719270
825	9534050
826	26529000
827	28822400
828	15174900
829	7056420
830	5047170
831	5690000
832	3907060
833	2750960
834	2609980
835	2684760
836	4015640
837	6685960
838	20909500
839	14741600
840	9597240
841	5084860
842	2991370
843	2070660
844	2413130
845	2710440
846	3013360
847	2479230
848	4662590
849	7650490
850	15590800
851	23703600
852	16582800
853	9632590
854	3722490