MI1931Refill
12093025.01
12093025.01
13250779.73
13250779.73
13250779.73
14446220.49
14446220.49
14446220.49
14446220.49
14800072.54
14800072.54
14800072.54
14800072.54
14800072.54
14928998.46
14928998.46
14928998.46
14928998.46
14961329.11
14961329.11
14961329.11
14961329.11
14950618.34
14950618.34
14950618.34
14950618.34
14950618.34
14927610.03
14927610.03
14927610.03
14927610.03
14940700.97
14940700.97
14940700.97
14940700.97
14990486.2
14990486.2
15116040.21
15116040.21
16659184.25
16659184.25
16659184.25
16659184.25
16659184.25
18910627.43
18910627.43
18910627.43
18910627.43
19000082.19
19000082.19
19000082.19
19000082.19