MICriticalCurve
19000082.19
19000082.19
19000082.19
19000082.19
19000082.19
18986991.25
18986991.25
18986991.25
18986991.25
18761668.42
18761668.42
18761668.42
18761668.42
18761668.42
17956178.96
17956178.96
17956178.96
17956178.96
16510621.93
16510621.93
16510621.93
16510621.93
15028370.59
15028370.59
15028370.59
15028370.59
15028370.59
13554449.85
13554449.85
13554449.85
13554449.85
13001853.54
13001853.54
13001853.54
13001853.54
12513125.14
12513125.14
12344133.02
12344133.02
12930250.07
12930250.07
12930250.07
12930250.07
12930250.07
16194455.91
16194455.91
16194455.91
16194455.91
18151154.62
18151154.62
18151154.62
18151154.62