"date" "month" "week" "day" "year" "ARFirmEngSupReq" "TotalEnergyContent" "TotalECCEnergyContent" "FirmEnergyDeficit" "TotalCoordPreEnergy" "TotalNFEnergyContent" "NonFirmEnergyDeficit"
1979-08-05 8 1 5 1979 0 465829200.4225 2160490.56655567 0 3475027.64744771 2170489.56655567 0
1979-08-12 8 2 12 1979 0 98735263.0434538 2153741.99544885 0 1503832.26475736 2163740.99544885 0
1979-08-19 8 3 19 1979 0 98331279.2792352 2366271.90145755 0 1457329.54757566 2376270.90145755 70270.4524243379
1979-08-26 8 4 26 1979 0 90370661.8879173 2499148.31021575 0 1453440.81386171 2509147.31021575 156959.186138293
1979-09-02 9 5 2 1979 63346.6156410266 40316884.1166077 2670478.44835525 371622.523999411 848861.476000589 2408720.98945867 484800
1979-09-09 9 6 9 1979 71704.9371722915 39776497.2276629 2722210.77321473 388865.062412574 875250.937587426 2490180.61507234 181800
1979-09-16 9 7 16 1979 87486.9656753977 39437655.3918502 2654421.47556992 469913.419695399 837834.580304601 2371185.92107226 181800
1979-09-23 9 8 23 1979 94931.4543751754 38779740.1457627 2311967.13384481 515093.356847627 836286.643152373 1999721.62922617 181800
1979-09-30 9 9 30 1979 103690.057343165 38017858.0020906 1967766.86117257 567964.710447746 827047.289552254 1620773.45673864 181800
1979-10-07 10 10 7 1979 122456.566158765 32781447.3874178 2493638.02641971 559349.382397138 870568.217602862 2106641.51674115 363600
1979-10-14 10 11 14 1979 137332.377337047 31691068.3063003 1733115.70873245 636399.893873304 828423.306126696 1293002.55806629 363600
1979-10-21 10 12 21 1979 136143.465133404 30643544.7005875 988977.436419584 643616.440868122 856112.359131878 564190.186799783 363600
1979-10-28 10 13 28 1979 111623.333806009 29675336.4733482 323840.217833099 547863.104279906 986771.295720094 161254.026157999 363600
1979-11-04 11 14 4 1979 0 29161452.6898348 138399.760527866 0 1635358.36592332 148398.760527866 282241.634076676
1979-11-11 11 15 11 1979 6513.30173926015 29033963.9456663 1941000.28986006 32227.4074775914 1493680.59252241 1928237.48184895 3272400
1979-11-18 11 16 18 1979 0 27278403.7103542 379916.762271063 0 1733159.39554489 389915.762271063 3006840.60445511
1979-11-25 11 17 25 1979 0 26764276.7878656 92040.2131643898 0 1709323.30238911 102039.21316439 2987476.69761089
1979-12-02 12 18 2 1979 0 25746250.9099244 22119.5710886412 0 1851721.06539296 32118.5710886412 2801878.93460704
1979-12-09 12 19 9 1979 0 25110233.1337276 2657777.24832046 0 1773366.91455913 2667776.24832046 1532049.28544087
1979-12-16 12 20 16 1979 0 23418395.8851086 1588824.20483553 0 1723615.94107778 1598823.20483553 1661594.85892222
1979-12-23 12 21 23 1979 0 21862136.4751857 529469.585808048 0 1659803.9786206 539468.585808048 1805201.4213794
1979-12-30 12 22 30 1979 8955.21426974236 20887040.2295581 8860.38032346591 36121.3894761773 1707946.61052382 13869.0310885926 1454400
1980-01-06 1 23 6 1980 50674.7400132759 23925638.2191158 4700223.23020989 192390.183750559 1555071.41624944 4595150.0947458 727200
1980-01-13 1 24 13 1980 38570.5609001623 22431591.1512281 3873199.24324707 150997.864844573 1599857.33515543 3791436.01648283 727200
1980-01-20 1 25 20 1980 90003.3937420233 20939147.9461848 3071588.93401171 365102.088828502 1389146.7111715 2855611.36621295 727200
1980-01-27 1 26 27 1980 79260.1557426908 19802009.6300603 2122183.46938261 347269.869070587 1410372.53092941 1918023.44875488 727200
1980-02-03 2 27 3 1980 38012.0723197997 18559848.9065181 1198946.04018437 183543.765551819 1577492.23444818 1095313.80386851 727200
1980-02-10 2 28 10 1980 6204.39598936433 17451682.2869917 544362.250345708 34893.0923692698 1612820.90763073 532357.852338899 969600
1980-02-17 2 29 17 1980 0 16832657.388469 68198.9663338724 0 1589202.12528865 78197.9663338724 899597.874711351
1980-02-24 2 30 24 1980 0 16745333.0971392 74767.7890611966 0 1665880.51760545 84766.7890611966 710719.482394546
1980-03-02 3 31 2 1980 0 16786353.7229164 94781.8719854744 0 1701587.12277972 104780.871985474 562812.877220279
1980-03-09 3 32 9 1980 0 16973621.3001282 68641.7400416038 0 1615641.35552335 78640.7400416038 1640258.64447665
1980-03-16 3 33 16 1980 0 16718735.3316033 60444.3548628133 0 1457403.28315334 70443.3548628133 1699196.71684666
1980-03-23 3 34 23 1980 0 16617427.8529529 58028.7568083915 0 1440542.8074817 68027.7568083915 1616757.1925183
1980-03-30 3 35 30 1980 0 16586876.5442734 67665.4693465881 0 1459825.1526837 77664.4693465881 1498174.8473163
1980-04-06 4 36 6 1980 0 16354422.4387515 24164.947765013 0 1348881.12472246 34163.947765013 1427618.87527754
1980-04-13 4 37 13 1980 0 16418699.7939801 24535.0994894154 0 1350945.10775085 34534.0994894154 1365254.89224915
1980-04-20 4 38 20 1980 0 16801446.9748889 85965.0975033586 0 1402233.36977037 95964.0975033586 1253666.63022963
1980-04-27 4 39 27 1980 0 18739001.1040499 237834.037472056 0 2096483.9679501 247833.037472056 499116.032049897
1980-05-04 5 40 4 1980 0 21286187.4717379 224519.830574384 0 2956626.56274847 234518.830574384 0
1980-05-11 5 41 11 1980 0 25288291.8214379 1105068.1896124 0 3304074.20776949 1115067.1896124 0
1980-05-18 5 42 18 1980 0 26858655.2654093 1343114.72686979 0 4109025.83621581 1353113.72686979 0
1980-05-25 5 43 25 1980 0 28141798.0158004 1601917.26429377 0 3973283.18685181 1611916.26429377 0
1980-06-01 6 44 1 1980 0 29831980.962211 1654640.56089369 0 4000509.84196663 1664639.56089369 0
1980-06-08 6 45 8 1980 0 31446125.4849614 1638370.99584172 0 3729548.61303919 1648369.99584172 0
1980-06-15 6 46 15 1980 0 32558993.9635787 1213132.77412476 0 3478362.05741309 1223131.77412476 0
1980-06-22 6 47 22 1980 0 33759327.2374771 606622.999806504 0 3460129.64642029 616621.999806504 0
1980-06-29 6 48 29 1980 0 35592588.0206774 0 0 2945076.21100319 9999 0
1980-07-06 7 49 6 1980 0 101471553.429108 0 0 2476250.52913681 9999 1399449.47086319
1980-07-13 7 50 13 1980 0 253325749.213333 0 0 2608390.49923442 9999 1250209.50076558
1980-07-20 7 51 20 1980 0 239774255.219864 481530.054295114 0 2592242.11219794 491529.054295114 1249257.88780206
1980-07-27 7 52 27 1980 0 67214152.8225401 623806.17084495 0 1548306.89885132 633805.17084495 2276093.10114868
1980-08-03 8 1 3 1980 0 64251472.5953217 608692.480141738 0 1160336.31682708 618691.480141738 201663.683172916
1980-08-10 8 2 10 1980 0 71597878.9201644 1140630.4441878 0 1002880.09510596 1150629.4441878 441919.904894037
1980-08-17 8 3 17 1980 6851.6394943934 67117033.7596567 1208108.32965153 82798.7802075343 970429.219792466 1197183.71879733 484800
1980-08-24 8 4 24 1980 12854.5120865615 75309286.8449931 1252635.27653017 168183.958601044 968672.041398956 1222783.20687963 484800
1980-08-31 8 5 31 1980 30455.017253284 52363174.0380717 1205227.98029021 273539.286662354 946944.713337645 1114076.60861644 484800
1980-09-07 9 6 7 1980 67149.5811114652 38397006.6473451 1006612.275331 429189.631493405 834926.368506595 802091.687430405 181800
1980-09-14 9 7 14 1980 94471.5287165759 36625845.4571617 967210.213957233 571563.844825057 736184.155174943 648779.593480138 181800
1980-09-21 9 8 21 1980 77512.6582737225 36299594.603909 892373.257210866 469213.464380151 882166.535619849 631949.820722036 181800
1980-09-28 9 9 28 1980 89240.8603553006 36212532.2633188 875752.251878485 528465.052423821 866546.947576179 581152.976103018 181800
1980-10-05 10 10 5 1980 129569.472644581 31161908.5424954 1736676.9959896 617089.832597757 812827.767402244 1335392.26538792 363600
1980-10-12 10 11 12 1980 138247.242791666 30336919.0197178 1206401.95181277 662326.428363182 802496.771636818 775574.819300049 363600
1980-10-19 10 12 19 1980 139907.668155445 29470401.1876675 619069.356095104 680102.282752952 819626.517247048 214586.869960198 363600
1980-10-26 10 13 26 1980 143014.3593066 28772106.9304808 287323.224449517 698338.3104417 836296.0895583 90296.027947177 363600
1980-11-02 11 14 2 1980 0 28006139.6920111 109036.842435479 0 1962861.84603025 119035.842435479 0
1980-11-09 11 15 9 1980 0 28235181.2424705 2294017.31425019 0 2055672.16345191 2304016.31425019 2727527.83654809
1980-11-16 11 16 16 1980 0 26686102.7307754 765315.763974453 0 2048703.141811 775314.763974453 2691296.858189
1980-11-23 11 17 23 1980 0 26130931.6323042 276801.518119471 0 1665900.51185674 286800.518119471 3030899.48814326
1980-11-30 11 18 30 1980 0 26088023.8564983 262188.989187839 0 2004204.83888319 272187.989187839 2649395.16111681
1980-12-07 12 19 7 1980 0 26062416.0128413 3200882.61459704 0 1791109.35493995 3210881.61459704 1514306.84506005
1980-12-14 12 20 14 1980 0 24404212.7409655 2164139.42675324 0 1799659.18706076 2174138.42675324 1585551.61293924
1980-12-21 12 21 21 1980 0 22492482.0229229 902804.095708449 0 1895669.79399705 912803.095708449 1569335.60600295
1980-12-28 12 22 28 1980 0 21334733.8552195 179904.364488118 0 1792868.85758009 189903.364488118 1388331.14241991
1981-01-04 1 23 4 1981 0 26826601.3528689 6461720.1312082 0 1817927.29969029 6471719.13120821 639432.700309705
1981-01-11 1 24 11 1981 78345.4962726642 26604511.5320745 6071392.65033004 317863.205752539 1432991.99424746 5869110.70347209 727200
1981-01-18 1 25 18 1981 11207.1705294914 25774838.4293485 5238705.59916343 47158.6184631619 1707090.18153684 5217509.96574974 727200
1981-01-25 1 26 25 1981 0 24814886.4165078 4637760.87337444 0 1862629.6463358 4647759.87337444 604810.353664197
1981-02-01 2 27 1 1981 0 24106166.6935811 4246074.10506388 0 1806325.67141119 4256073.10506388 664474.328588814
1981-02-08 2 28 8 1981 15768.157807402 23254366.5309104 3917274.96431521 72490.5076973669 1575223.49230263 3879466.87807445 969600
1981-02-15 2 29 15 1981 1458.70492860785 22123329.5246645 3082895.69845342 7024.81429519411 1527367.18570481 3088268.07404599 961432.814295194
1981-02-22 2 30 22 1981 0 21663874.7800464 2646504.34670689 0 1933891.34088555 2656503.34670689 442708.659114451
1981-03-01 3 31 1 1981 0 20371759.1762442 2527369.70953034 0 3358328.09107117 2537368.70953034 0
1981-03-08 3 32 8 1981 0 20180423.0459752 2326303.24560511 0 2086055.98838642 2336302.24560511 1169844.01161358
1981-03-15 3 33 15 1981 0 19073021.9099293 1343860.94918006 0 1642023.83927745 1353859.94918006 1514576.16072255
1981-03-22 3 34 22 1981 0 18006459.1521569 397933.986912376 0 1887142.91953039 407932.986912376 1170157.08046961
1981-03-29 3 35 29 1981 0 17679384.6464408 178935.849917645 0 1863418.22950134 188934.849917645 1094581.77049866
1981-04-05 4 36 5 1981 0 15827989.2905783 26880.7953261655 0 3347848.98365709 36879.7953261655 0
1981-04-12 4 37 12 1981 0 15642913.0899041 26202.4697739228 0 1581750.22443778 36201.4697739228 1134449.77556222
1981-04-19 4 38 19 1981 0 15874439.8785446 26202.4697739228 0 1739113.35923521 36201.4697739228 916786.640764795
1981-04-26 4 39 26 1981 0 16515490.6565478 26104.4049693511 0 2426567.29587869 36103.4049693511 169032.704121309
1981-05-03 5 40 3 1981 0 18063897.3703916 0 0 2743820.78707946 9999 0
1981-05-10 5 41 10 1981 0 19946822.0935003 0 0 3143516.24603515 9999 0
1981-05-17 5 42 17 1981 0 21085808.0330102 0 0 2879503.75461684 9999 0
1981-05-24 5 43 24 1981 0 32078798.7051281 0 0 2872207.43962435 9999 0
1981-05-31 5 44 31 1981 0 27012171.5043874 717261.617937201 0 3492598.35080381 727260.617937201 0
1981-06-07 6 45 7 1981 0 29421004.0152972 374842.114999089 0 3948796.09113367 384841.114999089 0
1981-06-14 6 46 14 1981 0 31491515.1385442 365539.810045532 0 4088137.06849175 375538.810045532 0
1981-06-21 6 47 21 1981 0 33526408.2383777 182765.163786806 0 3803252.8658441 192764.163786806 0
1981-06-28 6 48 28 1981 0 35037980.2208044 121.691429818175 0 3861589.51895296 10120.6914298182 0
1981-07-05 7 49 5 1981 0 75819871.4948982 109894.428541686 0 2903050.08186283 119893.428541686 972649.918137168
1981-07-12 7 50 12 1981 0 275301711.011959 907378.812267116 0 3364681.70592795 917377.812267116 493918.294072052
1981-07-19 7 51 19 1981 0 277831293.004985 1493652.06516301 0 2917538.16804818 1503651.06516301 923961.831951825
1981-07-26 7 52 26 1981 0 357321346.053834 1899043.47863339 0 2942674.62116073 1909042.47863339 881725.378839267
1981-08-02 8 1 2 1981 0 150987219.10763 2109128.02196149 0 1743740.7224493 2119127.02196149 0
1981-08-09 8 2 9 1981 0 172090202.947182 2131596.4976605 0 2938900.45784242 2141595.4976605 0
1981-08-16 8 3 16 1981 0 208531489.575832 2131970.00882956 0 2183924.69313733 2141969.00882956 0
1981-08-23 8 4 23 1981 0 207672039.514983 2131970.00882956 0 1971547.72071805 2141969.00882956 0
1981-08-30 8 5 30 1981 0 171154798.0865 2145173.80591023 0 1748391.09221576 2155172.80591023 0
1981-09-06 9 6 6 1981 30610.6140063225 46297373.8982079 3008657.82432777 192595.542130177 1071520.45786982 2879693.38125626 181800
1981-09-13 9 7 13 1981 81367.3520718092 40548624.6639839 3190421.90179447 454144.055380428 853603.944619572 2854544.4682165 181800
1981-09-20 9 8 20 1981 114833.675322343 40255035.705392 2944606.94909991 640167.895231381 711212.104768619 2566366.68108353 181800
1981-09-27 9 9 27 1981 77441.1277298085 48622722.2236861 2837841.32422095 508534.410691706 886477.589308294 2593490.97198863 181800
1981-10-04 10 10 4 1981 115624.54306836 34676466.2066176 3523316.95870172 531407.288543072 898510.311456928 3170161.69496457 363600
1981-10-11 10 11 11 1981 154448.932956783 34495508.9666366 3298849.41855761 710862.053573811 753961.146426189 2825657.93409704 363600
1981-10-18 10 12 18 1981 151128.488867457 33969371.5680353 2752038.20846812 705727.482223392 794001.317776608 2285835.23120554 363600
1981-10-25 10 13 25 1981 162754.582340302 33131082.1558489 2094693.87820036 778504.96686397 756129.43313603 1580492.0878544 363600
1981-11-01 11 14 1 1981 0 32653563.261827 1562442.83471977 0 2149681.94687613 1572441.83471977 0
1981-11-08 11 15 8 1981 0 32395780.6197017 4102529.02376061 0 2096741.24241891 4112528.02376061 2686458.75758109
1981-11-15 11 16 15 1981 0 30326799.0381164 2234339.46978843 0 1955666.48568471 2244338.46978843 2784333.51431529
1981-11-22 11 17 22 1981 0 28752397.7402201 774977.078245718 0 2133558.57972857 784976.078245718 2563241.42027143
1981-11-29 11 18 29 1981 0 28249885.5593026 343569.594442568 0 1869919.87940654 353568.594442568 2783680.12059346
1981-12-06 12 19 6 1981 0 27872511.1539666 2967964.4007534 0 1549690.70428307 2977963.4007534 1755725.49571693
1981-12-13 12 20 13 1981 14349.9331533046 26554928.7559769 1839955.21300828 75343.0288591771 1494196.97114082 1810229.44595189 1831210.8
1981-12-20 12 21 20 1981 37042.5480998412 24964256.6494993 745318.135108045 174675.981092641 1482128.01890736 669221.313479134 1824605.4
1981-12-27 12 22 27 1981 24764.5456461873 23775534.7161314 81775.1894071751 108064.595157379 1636003.40484262 40516.5610596375 1454400
1982-01-03 1 23 3 1982 44402.5222053629 27489252.674992 5626250.8350353 179912.22911049 1567549.37088951 5528005.00110658 727200
1982-01-10 1 24 10 1982 2920.75679889322 26155515.5349185 4831586.63775742 12086.2529802113 1738768.94701979 4834285.51843033 721951.052980211
1982-01-17 1 25 17 1982 0 24939899.7278113 4112832.5997121 0 1766180.85705742 4122831.5997121 697899.142942579
1982-01-24 1 26 24 1982 19966.4031693859 23749303.2914957 3444636.95954937 86578.5133037001 1671063.8866963 3403867.05538872 727200
1982-01-31 1 27 31 1982 47017.2136371606 22452948.3213879 2719769.98472245 212215.714040383 1548820.28595962 2604284.47098382 727200
1982-02-07 2 28 7 1982 24686.2863588806 20960374.9939118 2034431.05039155 118601.409024513 1529112.59097549 1973213.02261488 969600
1982-02-14 2 29 14 1982 0 19395502.0366015 1054134.01848645 0 1610995.77210973 1064133.01848645 877804.227890274
1982-02-21 2 30 21 1982 0 18986532.0581317 457761.039748563 0 1771802.63327087 467760.039748563 604797.366729127
1982-02-28 2 31 28 1982 0 19517230.5074418 267364.420302673 0 2205265.38410287 277363.420302673 59134.615897126
1982-03-07 3 32 7 1982 0 18321369.4999113 146689.594888396 0 3297761.83567683 156688.594888396 0
1982-03-14 3 33 14 1982 0 18131278.9959473 137456.601264253 0 1975019.76620593 147455.601264253 1181580.23379407
1982-03-21 3 34 21 1982 0 18076285.8952943 73032.2475331966 0 1996159.54179756 83031.2475331966 1061140.45820244
1982-03-28 3 35 28 1982 0 18101380.4466624 108732.984485226 0 1754310.882223 118731.984485226 1203689.117777
1982-04-04 4 36 4 1982 0 17148939.9512857 47856.8683155876 0 2769705.76618796 57855.8683155876 6794.23381204158
1982-04-11 4 37 11 1982 0 16988639.2284653 529.020905648409 0 1642590.79447458 10528.0209056484 1073609.20552542
1982-04-18 4 38 18 1982 0 17267338.335084 529.020905648409 0 1981243.78272819 10528.0209056484 674656.217271809
1982-04-25 4 39 25 1982 0 17461924.1945596 529.020905648409 0 2423151.42196623 10528.0209056484 172448.578033766
1982-05-02 5 40 2 1982 0 18491919.5535874 0 0 2359332.17165361 9999 0
1982-05-09 5 41 9 1982 0 20262149.5230002 0 0 3190921.25213852 9999 0
1982-05-16 5 42 16 1982 0 21889716.9529323 12255.3772952189 0 3188294.25585776 22254.3772952189 0
1982-05-23 5 43 23 1982 0 24757982.8837667 266205.667221639 0 3133708.44197487 276204.667221639 0
1982-05-30 5 44 30 1982 0 29001550.5915379 777220.089514907 0 3363693.45089561 787219.089514907 0
1982-06-06 6 45 6 1982 0 32013055.220707 1200370.51565782 0 4157499.43559965 1210369.51565782 0
1982-06-13 6 46 13 1982 0 33632527.2690843 1314550.09488676 0 4428141.40994146 1324549.09488676 0
1982-06-20 6 47 20 1982 0 35341213.0231591 669354.773795689 0 4633389.25841346 679353.773795689 0
1982-06-27 6 48 27 1982 0 37731950.9065126 424165.87467851 0 4676343.99457288 434164.87467851 0
1982-07-04 7 49 4 1982 0 43064617.4878708 2487266.13013219 0 4725179.90776591 2497265.13013219 0
1982-07-11 7 50 11 1982 0 43409980.2870624 2592350.6479963 0 4910527.5267611 2602349.6479963 0
1982-07-18 7 51 18 1982 0 43556442.0321288 2435071.37076182 0 4645086.8440821 2445070.37076182 0
1982-07-25 7 52 25 1982 0 43599799.7047347 1921654.41821466 0 3651752.52172529 1931653.41821466 172647.478274714
1982-08-01 8 1 1 1982 0 80457730.1754141 3140643.67496414 0 3011112.57434855 3150642.67496414 0
1982-08-08 8 2 8 1982 0 179621701.357862 3301308.35589232 0 3392664.89223248 3311307.35589232 0
1982-08-15 8 3 15 1982 0 231034233.964531 3155048.64333986 0 3192378.76524327 3165047.64333986 0
1982-08-22 8 4 22 1982 0 208644453.897653 2896672.54490248 0 3275883.90181734 2906671.54490248 0
1982-08-29 8 5 29 1982 0 274114957.678778 2363176.56973837 0 2748881.53414665 2373175.56973836 0
1982-09-05 9 6 5 1982 33084.9441920631 44395625.5494128 3124243.5962436 200622.566205793 1063493.43379421 3000790.93919627 181800
1982-09-12 9 7 12 1982 16482.5197396276 64545869.301314 3196160.13494704 142480.669299345 1165267.33070065 3128848.13283013 181800
1982-09-19 9 8 19 1982 25837.3625898937 41048029.8908073 3515196.14292741 146926.096870555 1204453.90312945 3400487.07065985 181800
1982-09-26 9 9 26 1982 59884.6532365305 41119198.25142 3432569.14315198 340451.000910925 1054560.99908908 3170802.70366243 181800
1982-10-03 10 10 3 1982 0 35926904.6483219 4147738.56481962 0 1480453.85889009 4157737.56481962 298906.141109906
1982-10-10 10 11 10 1982 18982.0577175115 35921053.6480191 4240546.71736294 92838.4204035141 1371984.77959649 4173281.82903303 363600
1982-10-17 10 12 17 1982 108977.077452973 35781123.3922365 4193915.89549388 537055.011280961 962673.788719039 3756137.62175823 363600
1982-10-24 10 13 24 1982 150438.753257609 35175200.2542339 3721860.0987903 735260.876496883 799373.523503117 3121719.43762629 363600
1982-10-31 10 14 31 1982 142047.387078217 34569791.624967 3279790.01685925 693689.017150167 875850.982849833 2714868.71792603 363600
1982-11-07 11 15 7 1982 19950.1963733382 33751522.0985925 4572523.0745451 95015.9414117662 1430892.05858823 4505108.06506347 3272400
1982-11-14 11 16 14 1982 0 31397294.976467 2337847.06202091 0 1706809.70833637 2347846.06202091 3033190.29166363
1982-11-21 11 17 21 1982 0 29767527.1543094 846935.553009216 0 1843662.14492848 856934.553009216 2853137.85507152
1982-11-28 11 18 28 1982 0 29160384.6064147 288726.316997149 0 1847588.98900234 298725.316997149 2806011.01099766
1982-12-05 12 19 5 1982 0 28468591.6181499 2995183.20799305 0 1797596.68402877 3005182.20799305 1507819.51597123
1982-12-12 12 20 12 1982 0 27353602.8847115 1896059.0957414 0 1610980.01791456 1906058.0957414 1774230.78208544
1982-12-19 12 21 19 1982 16284.9219955545 25776002.5139451 759929.766666853 78707.6444553677 1578096.35554463 730029.388298291 1824605.4
1982-12-26 12 22 26 1982 57538.1923783947 24586749.6456538 86696.3891112396 256152.674458564 1487915.32554144 17396.6677546716 1454400
1983-01-02 1 23 2 1983 39529.5114959023 28450463.9212727 5885373.48207159 163978.628517905 1583482.97148209 5778071.31012489 727200
1983-01-09 1 24 9 1983 25873.5377876969 27247727.4809764 5226786.14700153 109926.329211924 1640928.87078808 5157022.01900113 727200
1983-01-16 1 25 16 1983 61952.0492010523 26274109.0111543 4597584.45618976 270865.524429366 1483383.27557063 4409528.13166552 727200
1983-01-23 1 26 23 1983 76890.3317754289 25193595.7093628 3811012.42019117 350100.709669295 1407541.69033071 3571023.00133174 727200
1983-01-30 1 27 30 1983 51094.8219186128 24057428.1063026 2993192.17648677 245454.810856196 1515581.1891438 2826682.60778004 727200
1983-02-06 2 28 6 1983 29806.0236494102 22901759.485846 2394320.69105231 154194.979247756 1493519.02075224 2291579.17995391 969600
1983-02-13 2 29 13 1983 3091.28212292846 21472731.9346004 1491137.10325425 17345.9328274357 1517046.06717256 1488229.32954057 969600
1983-02-20 2 30 20 1983 0 20234600.8816918 752734.99881157 0 1602515.95517929 762733.99881157 774084.044820708
1983-02-27 2 31 27 1983 0 19453195.4633448 271044.318439297 0 1817944.53028855 281043.318439297 446455.469711446
1983-03-06 3 32 6 1983 0 18702461.4676915 181897.571449237 0 2133661.32931081 191896.571449237 1122238.67068919
1983-03-13 3 33 13 1983 0 18741485.1646055 244115.538497295 0 2238030.52170384 254114.538497295 918569.478296155
1983-03-20 3 34 20 1983 0 18802081.8840505 333688.448437211 0 2743257.18540801 343687.448437211 314042.814591991
1983-03-27 3 35 27 1983 0 18723391.6308026 295351.194083671 0 2339982.71473062 305350.194083671 618017.285269383
1983-04-03 4 36 3 1983 0 17533759.6860324 114019.502372006 0 3075291.50398278 124018.502372006 0
1983-04-10 4 37 10 1983 0 17597730.0606886 304784.566561358 0 1944319.1028151 314783.566561358 771880.897184898
1983-04-17 4 38 17 1983 0 17485610.6511832 91854.7518984633 0 1671296.84849552 101853.751898463 984603.151504478
1983-04-24 4 39 24 1983 0 18011283.0920195 254971.652672015 0 2137665.2968816 264970.652672015 457934.703118404
1983-05-01 5 40 1 1983 0 19531384.9188129 109173.220963438 0 2641576.15411393 119172.220963438 0
1983-05-08 5 41 8 1983 0 21080046.613962 174326.461655117 0 3214290.65235101 184325.461655117 0
1983-05-15 5 42 15 1983 0 22911250.5602252 232326.182985528 0 3308205.45925286 242325.182985528 0
1983-05-22 5 43 22 1983 0 24838337.2000849 339603.633709924 0 3255656.2172625 349602.633709924 0
1983-05-29 5 44 29 1983 0 28227559.4912357 917488.727040227 0 3341416.45318714 927487.727040227 0
1983-06-05 6 45 5 1983 0 34030590.0515291 3031956.82096254 0 4185248.94259842 3041955.82096254 0
1983-06-12 6 46 12 1983 0 36411300.813091 3060609.4911646 0 4493787.00728878 3070608.4911646 0
1983-06-19 6 47 19 1983 0 37780051.405292 2492913.83829068 0 4457084.66634233 2502912.83829068 0
1983-06-26 6 48 26 1983 0 38841941.1995884 1799321.71379338 0 4403951.42995192 1809320.71379338 0
1983-07-03 7 49 3 1983 0 41147001.6452873 2268388.32947547 0 3419000.35060757 2278387.32947547 456699.649392433
1983-07-10 7 50 10 1983 0 41996450.4183716 2427582.29714075 0 3212867.1630036 2437581.29714075 645732.836996396
1983-07-17 7 51 17 1983 0 186251634.650526 2117355.3043788 0 3350264.72423527 2127354.3043788 491235.275764734
1983-07-24 7 52 24 1983 0 42743490.019059 1912133.11086226 0 3404305.00479396 1922132.11086226 420094.995206038
1983-07-31 7 52 31 1983 0 128428208.725142 1914765.95831504 0 2787440.15720489 1924764.95831504 1036959.84279511
1983-08-07 8 1 7 1983 0 346616372.525385 1944919.61712101 0 2855990.53331857 1954918.61712101 0
1983-08-14 8 2 14 1983 0 316116174.102584 2132690.9478552 0 2926048.01012826 2142689.9478552 0
1983-08-21 8 3 21 1983 0 185851680.784157 2151056.15566264 0 2263478.99664558 2161055.15566264 0
1983-08-28 8 4 28 1983 0 114087364.757491 2315460.56795939 0 1699103.03099152 2325459.56795939 0
1983-09-04 9 5 4 1983 37534.3636732893 40261683.8875796 2788447.57608153 220516.631965299 999967.3680347 2642541.60968639 484800
1983-09-11 9 6 11 1983 88846.3574758271 40238390.8727659 3129380.50362301 491678.107029242 772437.892970758 2794965.9338166 181800
1983-09-18 9 7 18 1983 82514.1869049585 40190639.2599673 3023827.08910291 455021.499797203 852726.500202797 2718755.8000567 181800
1983-09-25 9 8 25 1983 83298.3761300802 39976469.478482 2929417.98814216 460760.879039002 890619.120960998 2664214.78134888 181800
1983-10-02 10 9 2 1983 102422.859298211 34719411.1384182 2633283.42053527 488194.599675204 906817.400324796 2316115.2224689 181800
1983-10-09 10 10 9 1983 119875.219650578 34041181.2558585 3251316.06683255 545652.266891328 884265.333108672 2893823.9640449 363600
1983-10-16 10 11 16 1983 119679.848738333 33103193.8331297 2646148.45653236 551891.173427441 912932.026572559 2284020.42889719 363600
1983-10-23 10 12 23 1983 132179.745822189 32202132.1455069 2082102.28658611 615884.145328143 883844.654671857 1685343.60320531 363600
1983-10-30 10 13 30 1983 139506.73617775 31348601.9351882 1580722.67826934 652917.2088733 881717.1911267 1163877.07852256 363600
1983-11-06 11 14 6 1983 0 30523733.5692972 1201758.8383176 0 1774852.58631187 1211757.8383176 142747.413688132
1983-11-13 11 15 13 1983 0 31241879.3398947 3479358.02262816 0 1873698.75942653 3489357.02262816 2909501.24057347
1983-11-20 11 16 20 1983 30815.1085394052 29780220.1115468 1568054.79423699 162518.310833981 1319757.68916602 1463382.15937113 3272400
1983-11-27 11 17 27 1983 14599.8443639014 28917932.6343218 316293.785997108 77951.9010772565 1360692.09892274 273292.118015363 3272400
1983-12-04 12 18 4 1983 0 28205077.6231006 136638.094342561 0 1731243.53770184 146637.094342561 2922356.46229816
1983-12-11 12 19 11 1983 0 28245459.5962153 2745864.34847931 0 1772534.86303421 2755863.34847931 1532881.33696579
1983-12-18 12 20 18 1983 0 26850166.0962402 1693027.31136799 0 1790273.35674202 1703026.31136799 1594937.44325798
1983-12-25 12 21 25 1983 0 25342693.6430565 648491.97693055 0 1717475.48675412 658490.97693055 1747529.91324588
1984-01-01 1 22 1 1984 0 28670847.4174618 1179335.9025926 0 1863996.74346684 1189334.9025926 1317203.25653316
1984-01-08 1 23 8 1984 0 27268277.4735817 4827608.89913554 0 1803487.80587408 4837607.89913554 653872.194125915
1984-01-15 1 24 15 1984 11054.8484154101 26474734.201673 4459893.40280385 54203.9139586445 1696651.28604136 4429670.88841317 727200
1984-01-22 1 25 22 1984 1758.22364756005 25420411.3023011 3904268.38117565 8884.56142562651 1745364.23857437 3907571.9991376 718715.761425626
1984-01-29 1 26 29 1984 0 24517432.9749566 3457117.72104059 0 1811603.13126746 3467116.72104059 655836.868732544
1984-02-05 2 27 5 1984 37505.0305755764 23797329.3586436 2989301.75916408 202650.99152995 1558385.00847005 2848008.55507993 727200
1984-02-12 2 28 12 1984 21483.5665165336 22928482.6926488 2462730.20142192 124671.391600838 1523042.60839916 2376667.89405809 969600
1984-02-19 2 29 19 1984 0 21760153.6284612 1596439.9908478 0 1584869.34985243 1606438.9908478 903930.650147569
1984-02-26 2 30 26 1984 0 20623423.3793768 867148.349853175 0 1610184.27557404 877147.349853175 766415.724425956
1984-03-04 3 31 4 1984 0 19116552.503269 246547.837157033 0 1706499.89766135 256546.837157033 557900.102338649
1984-03-11 3 32 11 1984 0 18855448.3715082 135054.718236832 0 1737997.42101151 145053.718236832 1517902.57898849
1984-03-18 3 33 18 1984 0 18772074.6202014 114353.486503604 0 1716011.26702141 124352.486503604 1440588.73297859
1984-03-25 3 34 25 1984 0 18839839.379257 203580.948951141 0 2024980.1913214 213579.948951141 1032319.8086786
1984-04-01 4 35 1 1984 0 17730874.537109 242389.536497794 0 2854250.16987087 252388.536497794 103749.830129126
1984-04-08 4 36 8 1984 0 17683296.9013612 176485.652823315 0 1671529.15108023 186484.652823315 1104970.84891977
1984-04-15 4 37 15 1984 0 17706923.4322058 169076.781881628 0 1853617.59885335 179075.781881628 862582.401146651
1984-04-22 4 38 22 1984 0 18357495.2159883 287720.706195353 0 2099801.84675172 297719.706195353 556098.153248277
1984-04-29 4 39 29 1984 0 18517948.3136911 193768.516814068 0 3546248.29510604 203767.516814068 0
1984-05-06 5 40 6 1984 0 18954975.4204774 92073.241317262 0 2415851.54278485 102072.241317262 0
1984-05-13 5 41 13 1984 0 19469364.1940381 43383.431545895 0 2385614.29681151 53382.431545895 0
1984-05-20 5 42 20 1984 0 20675324.0628579 157790.707997988 0 2971308.32818762 167789.707997988 0
1984-05-27 5 43 27 1984 0 22855593.9103663 259468.866479179 0 3184556.51852873 269467.866479179 0
1984-06-03 6 44 3 1984 0 25900637.4902533 392778.856437862 0 3253183.63155019 402777.856437862 0
1984-06-10 6 45 10 1984 0 30214502.7291558 693395.339482951 0 2869344.29661895 703394.339482951 0
1984-06-17 6 46 17 1984 0 32666091.8577357 705013.447269695 0 4084398.99458922 715012.447269696 0
1984-06-24 6 47 24 1984 0 34682433.0477008 559739.257842997 0 4462782.48051761 569738.257842997 0
1984-07-01 7 48 1 1984 0 38865958.9696572 17460.6001102705 0 4086543.94230915 27459.6001102705 0
1984-07-08 7 49 8 1984 0 42040681.0438996 1102512.00511014 0 3832437.81479042 1112511.00511014 43262.1852095793
1984-07-15 7 50 15 1984 0 43677856.5075174 2574666.44265045 0 3283499.02874086 2584665.44265045 575100.971259137
1984-07-22 7 51 22 1984 0 48633298.4274014 2407587.83887865 0 3135725.23482562 2417586.83887865 705774.765174384
1984-07-29 7 52 29 1984 0 166097340.660954 1911660.63660935 0 2918275.96041451 1921659.63660935 906124.039585489
1984-08-05 8 1 5 1984 0 296402650.46652 2179365.66676175 0 2980480.87577607 2189364.66676175 0
1984-08-12 8 2 12 1984 0 196945445.645419 2398612.43280874 0 3073767.07727674 2408611.43280874 0
1984-08-19 8 3 19 1984 0 224177328.175948 2567337.37175387 0 3003930.89587504 2577336.37175387 0
1984-08-26 8 4 26 1984 0 116594588.992769 2612485.73504309 0 1852093.28977793 2622484.73504309 0
1984-09-02 9 5 2 1984 0 49799244.5677172 3042714.90726336 0 1287818.05333994 3052713.90726336 405381.94666006
1984-09-09 9 6 9 1984 28820.7421108735 40787664.0076513 3467304.0730409 162757.619788252 1101358.38021175 3357727.95225685 181800
1984-09-16 9 7 16 1984 48509.2585470259 41061829.6734361 3609358.91940314 276519.831473826 1031228.16852617 3415138.08601446 181800
1984-09-23 9 8 23 1984 59496.4717123908 40911479.8945035 3338686.08159097 335954.338991768 1015425.66100823 3107236.34082314 181800
1984-09-30 9 9 30 1984 78632.4352912014 40856440.4792517 3340543.3609275 443474.341542653 951537.658457347 3058858.84420182 181800
1984-10-07 10 10 7 1984 97022.9081429762 35549276.7957328 4083778.73901516 462855.293011533 967062.306988467 3764026.1264443 363600
1984-10-14 10 11 14 1984 129706.236323871 34811985.3078209 3675279.03660875 620327.659680927 844495.540319073 3242373.27923666 363600
1984-10-21 10 12 21 1984 109166.380048314 34004049.3547629 3126145.04669667 516978.186542779 982750.613457221 2768861.10758058 363600
1984-10-28 10 13 28 1984 129710.488005709 33139714.6361195 2559806.55061564 615586.04207021 919048.35792979 2132695.71403962 363600
1984-11-04 11 14 4 1984 0 32132117.3452197 1879556.83075178 0 1685119.45175525 1889555.83075178 232480.548244753
1984-11-11 11 15 11 1984 0 32126961.3328378 3912473.67432577 0 1536595.5592905 3922472.67432577 3246604.4407095
1984-11-18 11 16 18 1984 0 29906006.1441982 1756264.67389904 0 1494379.56683692 1766263.67389904 3245620.43316308
1984-11-25 11 17 25 1984 0 28615438.9141989 469175.384966405 0 1488156.31593774 479174.384966405 3208643.68406226
1984-12-02 12 18 2 1984 0 27841107.9217213 101014.029409981 0 1607130.32621369 111013.029409981 3046469.67378631
1984-12-09 12 19 9 1984 0 27453380.6443491 2731136.7470583 0 1641520.93438067 2741135.7470583 1663895.26561933
1984-12-16 12 20 16 1984 0 25893193.0520852 1669416.95362778 0 1734918.59541846 1679415.95362778 1650292.20458154
1984-12-23 12 21 23 1984 0 24305010.7136521 632342.071046572 0 1761086.08168958 642341.071046572 1703919.31831042
1984-12-30 12 22 30 1984 0 23144508.4137829 45913.6944443875 0 1787704.97492528 55912.6944443875 1393495.02507472
1985-01-06 1 23 6 1985 0 26963597.5360352 5546357.4567154 0 1759014.38034828 5556356.4567154 698345.619651722
1985-01-13 1 24 13 1985 0 25805725.9031917 5001377.13602636 0 1780525.55350162 5011376.13602636 680194.446498381
1985-01-20 1 25 20 1985 0 24610311.6756092 4462263.72627346 0 1786159.72702564 4472262.72627346 677920.272974364
1985-01-27 1 26 27 1985 0 23405511.7006239 3920223.6480735 0 1776904.2498458 3930222.6480735 690535.750154204
1985-02-03 2 27 3 1985 0 22143249.6899132 3354616.06606378 0 1771216.22889582 3364615.06606378 699583.771104182
1985-02-10 2 28 10 1985 0 20939526.9942022 2922984.42946493 0 1752071.21803251 2932983.42946493 848928.781967488
1985-02-17 2 29 17 1985 0 19602699.8898633 2198480.37377815 0 1731029.91317271 2208479.37377815 757770.086827291
1985-02-24 2 30 24 1985 0 18865562.2936823 1559880.33436511 0 1653326.84882638 1569879.33436511 723273.151173618
1985-03-03 3 31 3 1985 0 18164812.1564165 942548.446588256 0 1599307.03641538 952547.446588256 665092.963584621
1985-03-10 3 32 10 1985 0 17530952.8625551 242725.753509947 0 1656836.92488303 252724.753509947 1599063.07511697
1985-03-17 3 33 17 1985 0 17359231.0607814 93384.8355613072 0 1691979.79096682 103383.835561307 1464620.20903318
1985-03-24 3 34 24 1985 0 17680609.7435419 218981.0896249 0 1664108.46460061 228980.0896249 1393191.53539939
1985-03-31 3 35 31 1985 0 17599619.5595273 108353.185475792 0 1512681.15754336 118352.185475792 1445318.84245664
1985-04-07 4 36 7 1985 0 17420518.9821419 65727.6272720647 0 1457928.18031504 75726.6272720647 1318571.81968496
1985-04-14 4 37 14 1985 0 18049510.7889027 175936.65367943 0 1764117.16151744 185935.65367943 952082.83848256
1985-04-21 4 38 21 1985 0 19561801.0493918 231441.53919611 0 2433893.43695966 241440.53919611 222006.563040345
1985-04-28 4 39 28 1985 0 19797053.9898981 115330.361777723 0 3471175.18022258 125329.361777723 0
1985-05-05 5 40 5 1985 0 20458462.2900861 84942.7408079928 0 2652347.24952318 94941.7408079928 0
1985-05-12 5 41 12 1985 0 22371484.7478206 155791.741737803 0 3018542.60368877 165790.741737803 0
1985-05-19 5 42 19 1985 0 23704879.2188994 157747.243490912 0 3246689.14914548 167746.243490912 0
1985-05-26 5 43 26 1985 0 27699314.2096364 487162.529455311 0 2999509.42300598 497161.529455311 0
1985-06-02 6 44 2 1985 0 31782384.7279027 1569875.19431321 0 3470532.13821007 1579874.19431321 0
1985-06-09 6 45 9 1985 0 34841123.7013218 2282609.0093385 0 4111506.76735516 2292608.0093385 0
1985-06-16 6 46 16 1985 0 36523660.1085199 2356083.55999125 0 4091235.26656696 2366082.55999125 0
1985-06-23 6 47 23 1985 0 37999518.5142505 2126082.79255429 0 3393581.62537797 2136081.79255429 0
1985-06-30 6 48 30 1985 0 113577209.506659 1473494.92950153 0 3498082.29511053 1483493.92950153 0
1985-07-07 7 49 7 1985 0 511936133.293093 2030479.27975875 0 3971075.83251043 2040478.27975875 0
1985-07-14 7 50 14 1985 0 151988391.028467 1993977.80928899 0 2230978.13188151 2003976.80928899 1627621.86811849
1985-07-21 7 51 21 1985 0 74285419.2836221 1944389.77842494 0 1582527.14466618 1954388.77842494 2258972.85533382
1985-07-28 7 52 28 1985 0 66039569.2933572 1409063.53060079 0 1089888.70209253 1419062.53060079 2734511.29790747
1985-08-04 8 1 4 1985 0 58999368.0200924 939655.009330963 0 908877.865630468 949654.009330963 453122.134369532
1985-08-11 8 2 11 1985 2773.56904184884 57348853.8048614 1485646.52840085 22270.623388298 947329.376611702 1489042.69611653 484800
1985-08-18 8 3 18 1985 6757.33572333096 71011611.399322 1696615.23488109 67049.7032049542 986178.296795046 1690145.22750352 484800
1985-08-25 8 4 25 1985 22535.6014797992 68070685.3856712 1911636.50657419 215226.286569161 921629.713430839 1865259.33939297 484800
1985-09-01 9 5 1 1985 70577.4657598271 38987603.3604336 1941497.39987146 394217.658540554 826266.341459446 1726176.24905804 484800
1985-09-08 9 6 8 1985 105816.843410113 38405727.1973193 2231519.90163646 548723.071202382 715392.928797618 1928297.88907741 181800
1985-09-15 9 7 15 1985 75422.8842461823 41158934.1323869 2262140.1427733 417905.261577643 889842.738422357 2008547.84108381 181800
1985-09-22 9 8 22 1985 89727.0140268109 38744552.1294435 2668848.36920724 474174.55630664 877205.44369336 2337892.71176937 181800
1985-09-29 9 9 29 1985 69710.843554569 38774255.9832366 2649776.45395158 372334.357323839 1022677.64267616 2391742.69082227 181800
1985-10-06 10 10 6 1985 143292.941562724 33369062.8528342 3170557.5464234 638042.371386124 791875.228613876 2760125.8734468 363600
1985-10-13 10 11 13 1985 143496.085884475 32466058.2840728 2515543.43104074 646824.846321601 817998.353678399 2100739.15233798 363600
1985-10-20 10 12 20 1985 141665.530139723 31583233.9536536 2002124.65443579 635912.103036858 863816.696963142 1594618.79014971 363600
1985-10-27 10 13 27 1985 146699.900785261 30939828.0312962 1530704.33522011 661646.148396557 872988.251603443 1093186.21028506 363600
1985-11-03 11 14 3 1985 0 30372989.8680426 975374.975808412 0 1893846.97270777 985373.975808412 23753.0272922304
1985-11-10 11 15 10 1985 0 31145580.2849991 3255054.98680482 0 2094879.62281241 3265053.98680482 2688320.37718759
1985-11-17 11 16 17 1985 0 29461055.3168509 1181412.35544256 0 1931022.85260169 1191411.35544256 2808977.14739831
1985-11-24 11 17 24 1985 0 28555069.5055336 170961.218932289 0 1958474.21777753 180960.218932289 2738325.78222247
1985-12-01 12 18 1 1985 0 28295701.7576632 83209.4804090754 0 2159841.23391142 93208.4804090754 2493758.76608858
1985-12-08 12 19 8 1985 0 27906164.2481985 2940187.14411014 0 2051483.39405589 2950186.14411014 1253932.80594411
1985-12-15 12 20 15 1985 0 26222175.5446601 1813064.17634486 0 2029703.08856832 1823063.17634486 1355507.71143168
1985-12-22 12 21 22 1985 0 24502879.4369117 677906.578597448 0 2052182.23467285 687905.578597448 1412823.16532715
1985-12-29 12 22 29 1985 0 23260328.8825536 43198.8625673772 0 2051538.80522627 53197.8625673772 1129661.19477373
1986-01-05 1 23 5 1986 0 28051644.6221269 6633637.84210063 0 1977328.78018801 6643636.84210063 480031.219811988
1986-01-12 1 24 12 1986 0 26981429.1990358 6261130.91140081 0 1936265.91623981 6271129.91140081 524454.083760192
1986-01-19 1 25 19 1986 0 25887399.6204793 5810728.87906758 0 1823484.36278073 5820727.87906758 640595.637219273
1986-01-26 1 26 26 1986 39404.0953506377 24754071.4338805 5298776.23512349 170146.27757762 1587496.12242238 5175229.40899525 727200
1986-02-02 2 27 2 1986 19280.8143452734 23324382.8910209 4542489.08756362 84656.3972124248 1676379.60278758 4484741.03802488 727200
1986-02-09 2 28 9 1986 0 22066418.0148036 4006221.50819182 0 1819736.16281801 4016220.50819182 781263.837181985
1986-02-16 2 29 16 1986 0 20910742.5827265 3359773.62544279 0 1794855.01220862 3369772.62544279 693944.987791382
1986-02-23 2 30 23 1986 0 20313559.7545775 2850546.26731237 0 1988917.06328714 2860545.26731237 387682.936712861
1986-03-02 3 31 2 1986 0 20260211.0827208 2828993.95998642 0 1993832.99803826 2838992.95998642 270567.001961737
1986-03-09 3 32 9 1986 0 20703175.5186317 2774929.43543815 0 2013816.11673924 2784928.43543815 1242083.88326076
1986-03-16 3 33 16 1986 0 20395424.9793052 1863903.77607864 0 2135865.14003385 1873902.77607864 1020734.85996615
1986-03-23 3 34 23 1986 0 19927236.4738317 1098779.17034747 0 1804362.09019532 1108778.17034747 1252937.90980468
1986-03-30 3 35 30 1986 0 19719611.2538667 605008.666708039 0 1775326.29182434 615007.666708039 1182673.70817566
1986-04-06 4 36 6 1986 0 19072278.11014 361747.221776344 0 3229831.89195533 371746.221776344 0
1986-04-13 4 37 13 1986 0 19790428.4849213 766782.352866173 0 2950400.50900708 776781.352866173 0
1986-04-20 4 38 20 1986 0 20269477.4683066 767325.248120869 0 2869397.34726209 777324.248120869 0
1986-04-27 4 39 27 1986 0 20956709.9040815 1030733.68222702 0 2386381.66461772 1040732.68222702 209218.335382282
1986-05-04 5 40 4 1986 0 21029189.5308458 482352.715275436 0 2774605.68534146 492351.715275436 0
1986-05-11 5 41 11 1986 0 22143647.2681057 658381.674393708 0 2897197.077982 668380.674393708 0
1986-05-18 5 42 18 1986 0 23236710.2456749 593054.314113617 0 3197032.345244 603053.314113617 0
1986-05-25 5 43 25 1986 0 24961907.7060709 770979.365587337 0 2963117.95248149 780978.365587337 0
1986-06-01 6 44 1 1986 0 27266262.1979864 1067517.13425527 0 3154854.90824081 1077516.13425527 0
1986-06-08 6 45 8 1986 0 57127138.6501086 1684161.68334053 0 2353973.58408691 1694160.68334053 0
1986-06-15 6 46 15 1986 0 35886153.15839 1901984.69783665 0 4417976.48158596 1911983.69783665 0
1986-06-22 6 47 22 1986 0 37188396.8055521 1515109.96024721 0 4187816.45593901 1525108.96024721 0
1986-06-29 6 48 29 1986 0 38392475.5866037 1148168.04468849 0 3519301.99742056 1158167.04468849 0
1986-07-06 7 49 6 1986 0 291583979.04519 2027012.5908704 0 3498923.31297856 2037011.5908704 376776.687021436
1986-07-13 7 50 13 1986 0 208141393.365871 1991541.83803595 0 2887792.89226326 2001540.83803595 970807.107736742
1986-07-20 7 51 20 1986 0 294871370.494016 1943585.52735894 0 2868089.11231225 1953584.52735894 973410.887687755
1986-07-27 7 52 27 1986 0 70539025.4726958 1798886.19025028 0 1355107.7182118 1808885.19025028 2469292.2817882
1986-08-03 8 1 3 1986 0 71896995.886668 1546806.7446491 0 1116945.90527933 1556805.7446491 245054.094720667
1986-08-10 8 2 10 1986 0 64245991.7576445 2017828.38376867 0 1102249.93780315 2027827.38376867 342550.062196852
1986-08-17 8 3 17 1986 8365.55515485699 61453240.436804 2122306.76846016 72580.9561175277 980647.043882472 2110814.51071165 484800
1986-08-24 8 4 24 1986 41376.3785220712 56772312.1020199 2121407.14457618 332551.774094497 804304.225905503 2025141.77550598 484800
1986-08-31 8 5 31 1986 63496.7231637558 51126632.0419024 2020477.41229028 460541.502881319 759942.497118681 1856260.08180546 484800
1986-09-07 9 6 7 1986 81895.4019877943 39932762.0636856 2401097.32969188 442406.522053931 821709.477946069 2185718.01195767 181800
1986-09-14 9 7 14 1986 105266.859346618 37794092.5728309 2419558.02024183 543797.042063132 763950.957936868 2111107.19848127 181800
1986-09-21 9 8 21 1986 120785.951409673 37475427.6913996 2273614.21267656 628726.978673111 722653.021326889 1914685.59153671 181800
1986-09-28 9 9 28 1986 107530.727307475 37121094.8584827 2139294.84443654 556986.315653921 838025.684346079 1822085.60308007 181800
1986-10-05 10 10 5 1986 124242.853453115 32192195.1027657 2924593.41071955 551471.613935679 878445.986064321 2562724.36246906 363600
1986-10-12 10 11 12 1986 133438.03030441 31597985.0638822 2503353.75544221 601501.6816308 863321.5183692 2106875.59808362 363600
1986-10-19 10 12 19 1986 156109.968481118 30709032.3764129 1875381.24256203 716249.983144346 783478.816855654 1401329.50448464 363600
1986-10-26 10 13 26 1986 170792.983282479 29618083.9983246 1129508.9841676 801115.41650811 733518.98349189 597731.538231971 363600
1986-11-02 11 14 2 1986 0 28552228.5904393 640478.124746555 0 1710208.13089938 650477.124746555 207391.869100617
1986-11-09 11 15 9 1986 21304.8402987793 28454061.3003855 2626349.86387296 96440.9387683901 1429467.06123161 2569190.88959988 3272400
1986-11-16 11 16 16 1986 14163.8083126465 26596071.5136407 897973.19652416 72733.4724837607 1409542.52751624 857533.185457562 3272400
1986-11-23 11 17 23 1986 0 25753078.5048399 216453.639759259 0 1453020.97742095 226452.639759259 3243779.02257905
1986-11-30 11 18 30 1986 0 25768224.5260478 234927.652823178 0 1477456.29172201 244926.652823178 3176143.70827799
1986-12-07 12 19 7 1986 24927.878665357 25409516.6082972 2809894.14216146 132740.139781043 1349535.86021896 2740840.41428608 1837816.2
1986-12-14 12 20 14 1986 16213.0497980864 23903347.4033372 1665787.04513657 78211.8805706415 1491328.11942936 1631615.06535699 1831210.8
1986-12-21 12 21 21 1986 22777.6258348238 22246309.5131891 601038.683946553 98022.4666962845 1558781.53330372 558639.831977912 1824605.4
1986-12-28 12 22 28 1986 46743.4141459208 21047063.2265978 39332.9574367459 185242.261124559 1558825.73887544 14093.1661819013 1454400
1987-01-04 1 23 4 1987 64567.0327237185 24875991.0749432 5563611.88349482 251540.506369104 1495921.0936309 5379254.63826442 727200
1987-01-11 1 24 11 1987 69280.3413079169 23376651.877524 4737451.60559485 274475.089573062 1476380.11042694 4530938.99704727 727200
1987-01-18 1 25 18 1987 65369.7698479835 22020522.4392943 3851543.70993547 266061.495997798 1488187.3040022 3648609.72375264 727200
1987-01-25 1 26 25 1987 52545.7947657608 21028515.5965786 2999007.16586026 225328.176886233 1532314.22311377 2833229.21061651 727200
1987-02-01 2 27 1 1987 59164.0929191728 20045932.4378135 2224412.76530236 270273.344838434 1490762.65516157 2021534.00351444 727200
1987-02-08 2 28 8 1987 62781.7435278496 19044364.8263309 1542603.23143931 315870.419414577 1331843.58058542 1300670.6748421 969600
1987-02-15 2 29 15 1987 39678.7298537751 17756713.3063799 472775.819071381 225193.481111794 1309198.51888821 301187.005828273 969600
1987-02-22 2 30 22 1987 15730.0104052856 17251074.4770649 133449.235506701 93335.0500864703 1327734.94991353 102809.267984858 969600
1987-03-01 3 31 1 1987 3069.9473903133 16984579.6106065 105677.764596744 17935.6482991583 1289812.35170084 112350.580916208 969600
1987-03-08 3 32 8 1987 0 17144170.1236686 172695.17484115 0 1459349.97437681 182694.17484115 1796550.02562319
1987-03-15 3 33 15 1987 0 17809309.4950529 231349.225435751 0 1507943.75468256 241348.225435751 1648656.24531744
1987-03-22 3 34 22 1987 0 18072949.6045729 261755.77140603 0 1495414.59158553 271754.77140603 1561885.40841447
1987-03-29 3 35 29 1987 0 18215723.8389904 212432.864838295 0 1386956.3733338 222431.864838295 1571043.6266662
1987-04-05 4 36 5 1987 0 18108332.9048978 127786.978490173 0 1277660.08455506 137785.978490173 1498839.91544494
1987-04-12 4 37 12 1987 0 19022367.9971977 472501.856441995 0 1698907.72917535 482500.856441995 1017292.27082465
1987-04-19 4 38 19 1987 0 19492048.1709958 259213.555874186 0 1507409.84212889 269212.555874186 1148490.15787111
1987-04-26 4 39 26 1987 0 21138060.2600055 405678.526027642 0 1753554.86120316 415677.526027642 842045.138796838
1987-05-03 5 40 3 1987 0 22394039.9800167 263056.829793417 0 2575388.63530224 273055.829793417 0
1987-05-10 5 41 10 1987 0 25755465.1438912 619283.140367572 0 3105036.03115829 629282.140367572 0
1987-05-17 5 42 17 1987 0 29677629.7685327 2306631.64410592 0 3084306.09136736 2316630.64410592 0
1987-05-24 5 43 24 1987 0 31495084.0423794 3064375.18755838 0 3346080.97691387 3074374.18755838 0
1987-05-31 5 44 31 1987 0 41853807.0711003 3001000.12973476 0 2698953.05649083 3010999.12973476 0
1987-06-07 6 45 7 1987 0 170318819.936209 2319853.74378997 0 3264429.28330862 2329852.74378997 0
1987-06-14 6 46 14 1987 0 222143901.708919 2365293.26986381 0 3014223.37328248 2375292.26986381 0
1987-06-21 6 47 21 1987 0 215563088.887822 2944928.85372341 0 3205357.6489071 2954927.85372341 0
1987-06-28 6 48 28 1987 0 67860516.1047386 2078103.00546328 0 3106315.92974347 2088102.00546328 0
1987-07-05 7 49 5 1987 0 243615074.819643 2040496.19436442 0 2835989.93906771 2050495.19436442 1039710.06093229
1987-07-12 7 50 12 1987 0 103113139.116884 1983751.44686764 0 1552371.864637 1993750.44686764 2306228.135363
1987-07-19 7 51 19 1987 0 66781644.8339505 1760515.99737015 0 1404243.2934794 1770514.99737015 2437256.7065206
1987-07-26 7 52 26 1987 0 116700133.295369 1208461.45987685 0 1383751.30119152 1218460.45987685 2440648.69880848
1987-08-02 8 1 2 1987 0 73547387.3808711 1082061.10972085 0 1059454.80806224 1092060.10972085 302545.191937759
1987-08-09 8 2 9 1987 9927.88207586753 59904125.015172 1966009.47916338 83829.9087067512 885770.091293249 1951028.14535518 484800
1987-08-16 8 3 16 1987 12174.0189718499 63598251.0623496 2120359.15916761 109184.290415147 944043.709584853 2099124.45856998 484800
1987-08-23 8 4 23 1987 6837.60404723007 104284997.51779 2121223.51797145 99290.7471763029 1037565.2528237 2113692.08054312 484800
1987-08-30 8 5 30 1987 31200.2814692935 63632215.0824369 2137715.88604575 280042.347218996 940441.652781003 2054288.13579357 484800
1987-09-06 9 6 6 1987 102544.128520332 38962556.1075719 2520246.1053945 542954.4891961 721161.5108039 2244011.40131241 181800
1987-09-13 9 7 13 1987 117199.04006723 38277192.3712382 2408327.37845448 617266.388992256 690481.611007744 2085011.94940876 181800
1987-09-20 9 8 20 1987 122361.212841613 37542504.1901308 2341195.54880592 640701.951546195 710678.048453805 1999588.33061794 181800
1987-09-27 9 9 27 1987 141768.710189868 36719560.7435345 2066394.35985025 739598.51379934 655413.48620066 1682748.40636344 181800
1987-10-04 10 10 4 1987 160184.70002707 31463407.0082471 2649186.10084621 700894.74513285 729022.85486715 2218947.80452276 363600
1987-10-11 10 11 11 1987 169208.523805245 30222267.2224891 1873956.01823557 747583.435493718 717239.764506282 1443214.15291457 363600
1987-10-18 10 12 18 1987 177231.804363491 29033931.4189013 1059420.01398921 797214.744993338 702514.055006662 637576.990132527 363600
1987-10-25 10 13 25 1987 181693.66996355 27833315.97323 307777.147811343 839118.33362877 695516.06637123 151031.816783045 363600
1987-11-01 11 14 1 1987 0 26748745.3700897 15816.4983277224 0 1581750.65022357 25815.4983277224 335849.349776433
1987-11-08 11 15 8 1987 0 26772245.9346619 1992275.86885449 0 1675750.40927536 2002274.86885449 3107449.59072464
1987-11-15 11 16 15 1987 0 25011184.8189422 629631.692170153 0 1550599.36041366 639630.692170153 3189400.63958634
1987-11-22 11 17 22 1987 0 24413160.4428427 255013.501839196 0 1557815.51953556 265012.501839196 3138984.48046444
1987-11-29 11 18 29 1987 0 24103858.8411893 214543.453422948 0 1477113.54870608 224542.453422948 3176486.45129392
1987-12-06 12 19 6 1987 0 23093107.2583068 2646517.3680681 0 1619104.25351525 2656516.3680681 1686311.94648475
1987-12-13 12 20 13 1987 0 21711676.1684219 1633389.90384657 0 1591466.64937928 1643388.90384657 1793744.15062072
1987-12-20 12 21 20 1987 114337.126127249 20230177.6131014 628991.037038312 436875.878450023 1219928.12154998 393013.952673209 1824605.4
1987-12-27 12 22 27 1987 79873.7930766463 19105326.6135523 36198.7304752419 284529.320746769 1459538.67925323 9999 1454400
1988-01-03 1 23 3 1988 62655.1189831448 22690013.9612377 4781364.79593743 219706.969547888 1527754.63045211 4676049.40668503 727200
1988-01-10 1 24 10 1988 59597.2623863721 21765923.3992296 3968341.68657837 218752.393636387 1532102.80636361 3837429.45776986 727200
1988-01-17 1 25 17 1988 65044.554490848 20802119.1347151 3127164.47627625 251617.390366225 1502631.40963378 2975390.1932125 727200
1988-01-24 1 26 24 1988 102515.421187532 19786888.8578964 2276369.86919671 424339.169660238 1333303.23033976 2024811.36777268 727200
1988-01-31 1 27 31 1988 72228.661041225 18602340.8493835 1338708.47811831 330667.217594779 1430368.78240522 1144169.52335055 727200
1988-02-07 2 28 7 1988 36206.0591682963 17584115.5387063 625538.861601945 197563.70387384 1450150.29612616 511692.795555387 969600
1988-02-14 2 29 14 1988 24728.4658009391 16823990.6761754 102964.657832764 143432.292022379 1390959.70797762 76959.9056952668 969600
1988-02-21 2 30 21 1988 0 16703478.7258946 118206.192808087 0 1431373.40431995 128205.192808087 945226.595680049
1988-02-28 2 31 28 1988 921.928271017086 16512153.6737928 100972.293815699 5224.33825114416 1302523.66174886 109979.830449138 961876.338251144
1988-03-06 3 32 6 1988 0 16462445.1809216 73368.9446823377 0 1374876.61828055 83367.9446823377 1881023.38171945
1988-03-13 3 33 13 1988 0 16449278.1024317 68504.8011805516 0 1342099.79260456 78503.8011805516 1814500.20739544
1988-03-20 3 34 20 1988 0 16365539.9648716 66329.4434527135 0 1357844.48174148 76328.4434527135 1699455.51825852
1988-03-27 3 35 27 1988 0 16576543.8602271 89327.8584981403 0 1472059.08264189 99326.8584981403 1485940.91735811
1988-04-03 4 36 3 1988 0 16742574.4281634 50808.8463337461 0 1849592.46128752 60807.8463337461 926907.538712478
1988-04-10 4 37 10 1988 0 16896052.8253136 90250.2750680818 0 1848676.15689809 100249.275068082 867523.843101913
1988-04-17 4 38 17 1988 0 17459529.0108373 270249.103908531 0 1973728.62791844 280248.103908531 682171.372081562
1988-04-24 4 39 24 1988 0 20052694.2997756 964671.242796333 0 2758163.63013623 974670.242796333 0
1988-05-01 5 40 1 1988 0 21016144.1380802 386956.439653615 0 2978669.21699156 396955.439653615 0
1988-05-08 5 41 8 1988 0 21673486.2339903 187959.369862863 0 2702407.00046806 197958.369862863 0
1988-05-15 5 42 15 1988 0 22854488.9975454 311294.293698856 0 2431670.32739855 321293.293698856 0
1988-05-22 5 43 22 1988 0 25285436.9521778 531451.738605435 0 2914760.33073871 541450.738605435 0
1988-05-29 5 44 29 1988 0 27203595.2685861 897545.124423537 0 2970278.44823992 907544.124423537 0
1988-06-05 6 45 5 1988 0 58087848.1666522 364814.892042381 0 2385212.21561728 374813.892042381 0
1988-06-12 6 46 12 1988 0 76144995.2291113 716467.868424893 0 2630719.34929901 726466.868424893 0
1988-06-19 6 47 19 1988 0 35360694.9841236 785113.800956458 0 2758168.5707476 795112.800956459 0
1988-06-26 6 48 26 1988 0 154342411.483995 1178494.66755482 0 3125092.61139874 1188493.66755482 0
1988-07-03 7 49 3 1988 0 291143329.000717 2024730.13349468 0 3084987.81600858 2034729.13349468 790712.183991415
1988-07-10 7 50 10 1988 0 146874088.521163 1981836.71912395 0 2002498.00440155 1991835.71912395 1856101.99559845
1988-07-17 7 51 17 1988 0 81686351.3867838 1937884.03651404 0 1302089.8210737 1947883.03651404 2539410.1789263
1988-07-24 7 52 24 1988 0 95274677.6963379 1597053.4765373 0 1300629.07309244 1607052.4765373 2523770.92690756
1988-07-31 7 52 31 1988 0 60757582.1652705 1248608.88128977 0 1004468.25599612 1258607.88128977 2819931.74400388
1988-08-07 8 1 7 1988 676.805968706453 70031145.5090857 1479146.02653153 6605.32288388372 879366.677116116 1487535.49150267 482633.322883884
1988-08-14 8 2 14 1988 22181.9329307554 61380841.9939717 1939370.16346874 191691.595570463 777908.404429537 1893700.96764318 484800
1988-08-21 8 3 21 1988 34400.8288812095 52812091.3577655 2118129.17563271 257880.237001386 795347.762998614 2039904.59812228 484800
1988-08-28 8 4 28 1988 54665.4245853255 55267923.2859075 2117157.17737095 428104.24244763 708751.75755237 1987020.99863795 484800
1988-09-04 9 5 4 1988 103330.800103248 38282313.7941558 1979563.07292402 567755.852412983 652728.147587017 1715142.97542949 484800
1988-09-11 9 6 11 1988 126880.149686754 36985182.3145841 2192157.55930292 645413.601545956 618702.398454044 1878099.63806755 181800
1988-09-18 9 7 18 1988 135599.700036732 36258864.8687709 2009348.25037456 683173.634426894 624574.365573106 1669983.92013907 181800
1988-09-25 9 8 25 1988 141558.135020495 35874211.9268846 1973305.39734019 706106.699742957 645273.300257043 1585042.99887539 181800
1988-10-02 10 9 2 1988 163120.374768043 30996935.148634 1944905.84899361 698869.233124905 696142.766875095 1478864.2100282 181800
1988-10-09 10 10 9 1988 166843.033716782 30355263.4713546 2524809.62453857 676356.327727409 753561.272272591 2088513.19337172 363600
1988-10-16 10 11 16 1988 186845.53050993 29286756.4101754 1857563.81380898 772276.245930588 692546.954069412 1394647.11190405 363600
1988-10-23 10 12 23 1988 207299.043623632 28607337.2108975 1504271.05864249 832273.646078158 667455.153921842 1017725.46004054 363600
1988-10-30 10 13 30 1988 159166.616693979 27498982.8975566 723481.448968699 665985.140364464 868649.259635536 446143.058471777 363600
1988-11-06 11 14 6 1988 0 26538902.2872396 217580.716042752 0 1913256.11003348 227579.716042752 4343.88996651908
1988-11-13 11 15 13 1988 0 26877876.4648501 2449978.97013033 0 2058243.12704811 2459977.97013033 2724956.87295189
1988-11-20 11 16 20 1988 0 25135728.4243742 777094.593067875 0 1601792.41935585 787093.593067875 3138207.58064415
1988-11-27 11 17 27 1988 0 24474384.9777263 213576.892760542 0 1816520.69916573 223575.892760542 2880279.30083427
1988-12-04 12 18 4 1988 0 23856159.6784862 113576.234528796 0 1987541.24334043 123575.234528796 2666058.75665957
1988-12-11 12 19 11 1988 0 23386820.9085388 2657233.64098719 0 1995408.30733119 2667232.64098719 1310007.89266881
1988-12-18 12 20 18 1988 0 21755963.9699657 1637278.64851132 0 2003317.4428331 1647277.64851132 1381893.3571669
1988-12-25 12 21 25 1988 0 20118303.7394928 623851.943628982 0 1967097.54884011 633850.943628982 1497907.85115989
1989-01-01 1 22 1 1989 0 23069098.2623122 795686.677050806 0 1960610.30108019 805685.677050806 1220589.69891981
1989-01-08 1 23 8 1989 0 22307434.3268352 4331044.02899406 0 1923953.40159887 4341043.02899406 533406.598401128
1989-01-15 1 24 15 1989 0 21820351.1304761 3933658.62673136 0 1831316.07785522 3943657.62673136 629403.922144778
1989-01-22 1 25 22 1989 0 21252076.2377473 3458461.0958127 0 1867171.567807 3468460.0958127 596908.432193003
1989-01-29 1 26 29 1989 0 20691302.074799 2993527.96008524 0 1788763.65330154 3003526.96008524 678676.346698456
1989-02-05 2 27 5 1989 0 19998911.0203114 2464715.0605493 0 1779367.7142412 2474714.0605493 691432.285758805
1989-02-12 2 28 12 1989 0 19089388.6364975 2019814.82062587 0 1733750.93091829 2029813.82062587 867249.069081705
1989-02-19 2 29 19 1989 0 18227064.2305894 1269378.05152312 0 1801524.05014384 1279377.05152312 687275.949856158
1989-02-26 2 30 26 1989 0 17544892.8234693 692564.657857944 0 1812150.44791706 702563.657857944 564449.552082938
1989-03-05 3 31 5 1989 0 16990354.1135179 245571.946878997 0 1749451.80522741 255570.946878997 514948.194772586
1989-03-12 3 32 12 1989 0 16769760.3866083 73029.2929631523 0 1729347.11090031 83028.2929631523 1526552.88909969
1989-03-19 3 33 19 1989 0 16897167.7791966 81169.4011688099 0 1862550.39776616 91168.4011688099 1294049.60223384
1989-03-26 3 34 26 1989 0 16835533.7696902 83729.3310872383 0 1621152.21610386 93728.3310872383 1436147.78389614
1989-04-02 4 35 2 1989 0 17047544.6409344 177829.933468406 0 1689784.5653029 187828.933468406 1268215.4346971
1989-04-09 4 36 9 1989 0 17112145.5885809 70199.7489936132 0 1626787.06186206 80198.7489936132 1149712.93813794
1989-04-16 4 37 16 1989 0 17865386.5522752 176942.505634401 0 1771870.0356816 186941.505634401 944329.964318395
1989-04-23 4 38 23 1989 0 19128448.7833879 334956.027230753 0 2394916.38502968 344955.027230753 260983.614970318
1989-04-30 4 39 30 1989 0 19708165.6812616 464918.983736737 0 3885239.88866528 474917.983736737 0
1989-05-07 5 40 7 1989 0 21866741.3417286 582494.8072072 0 3033572.75415583 592493.8072072 0
1989-05-14 5 41 14 1989 0 25837077.9310858 1029627.16997042 0 3157273.65137789 1039626.16997042 0
1989-05-21 5 42 21 1989 0 29542029.4332171 2034730.30847487 0 3501430.53473478 2044729.30847487 0
1989-05-28 5 43 28 1989 0 31210301.3950406 2143482.41606019 0 3814080.22314624 2153481.41606019 0
1989-06-04 6 44 4 1989 0 33056783.6473396 2201970.19254229 0 3381388.32848421 2211969.19254229 0
1989-06-11 6 45 11 1989 0 35517657.5727392 2906140.32030903 0 3976447.169658 2916139.32030903 0
1989-06-18 6 46 18 1989 0 37530194.3720701 3337942.91569581 0 4364328.19536868 3347941.91569581 0
1989-06-25 6 47 25 1989 0 38779477.1168433 2867787.81114601 0 4286419.2123556 2877786.81114601 0
1989-07-02 7 48 2 1989 0 40221245.344088 2067550.23901786 0 2768108.08623103 2077549.23901786 0
1989-07-09 7 49 9 1989 0 205353617.092084 2041536.6186445 0 3457143.65848408 2051535.6186445 418556.341515922
1989-07-16 7 50 16 1989 0 404478684.63324 1992170.33276331 0 3610219.80876886 2002169.33276331 248380.191231144
1989-07-23 7 51 23 1989 0 180647942.759847 1949948.89711327 0 2422684.28504715 1959947.89711327 1418815.71495285
1989-07-30 7 52 30 1989 0 72067577.8965189 1608920.02152673 0 1450724.11962522 1618919.02152673 2373675.88037478
1989-08-06 8 1 6 1989 0 68894232.520147 1672929.13165655 0 1033826.22219518 1682928.13165655 328173.777804821
1989-08-13 8 2 13 1989 0 95170185.238988 2076524.19954186 0 1032090.14344819 2086523.19954186 412709.856551814
1989-08-20 8 3 20 1989 0 148084721.192014 2125152.79408331 0 1502199.62229203 2135151.79408331 25400.3777079701
1989-08-27 8 4 27 1989 0 217549627.432509 2139517.54314172 0 2265894.27152257 2149516.54314172 0
1989-09-03 9 5 3 1989 0 40767194.9487908 3105122.42979597 0 1356566.27733688 3115121.42979597 336633.722663119
1989-09-10 9 6 10 1989 0 41130764.506253 3691614.24725266 0 1289569.4098693 3701613.24725266 143830.590130695
1989-09-17 9 7 17 1989 61705.3720785493 41237966.0762575 3693450.80293024 353791.364439183 953956.635560817 3418274.08392202 181800
1989-09-24 9 8 24 1989 87778.9988381927 46592306.7558414 3274883.63367477 566241.72379827 785138.27620173 2884447.94416934 181800
1989-10-01 10 9 1 1989 132856.70587128 35309099.9259093 2855267.36169397 673639.651211373 721372.348788627 2423441.15674298 181800
1989-10-08 10 10 8 1989 127734.809959619 36976969.3315231 3252906.1010864 657467.990221546 772449.609778454 2860130.90934471 363600
1989-10-15 10 11 15 1989 138485.844529075 34225114.9905419 2764865.88583739 679725.609528503 785097.590471497 2333794.85962559 363600
1989-10-22 10 12 22 1989 163776.246632116 32448774.9790815 2245028.86653177 778876.867580738 720851.932419262 1743394.90946404 363600
1989-10-29 10 13 29 1989 156414.283801438 31599684.5692709 1704716.58184191 739389.969447926 795244.430552074 1230977.04757441 363600
1989-11-05 11 14 5 1989 0 30520735.3206257 1050794.83038296 0 1816440.10472659 1060793.83038296 101159.895273411
1989-11-12 11 15 12 1989 0 31599576.5385956 3402600.45152039 0 2344154.85269916 3412599.45152039 2439045.14730084
1989-11-19 11 16 19 1989 0 30008092.0103234 1885439.47530706 0 2971588.53019882 1895438.47530706 1768411.46980118
1989-11-26 11 17 26 1989 0 28275825.2822026 463713.406175443 0 1769592.18382625 473712.406175443 2927207.81617375
1989-12-03 12 18 3 1989 0 28013484.3505481 144401.903571713 0 2078572.50090806 154400.903571713 2575027.49909194
1989-12-10 12 19 10 1989 0 28076561.2698352 3019978.12187903 0 2168945.38981165 3029977.12187903 1136470.81018835
1989-12-17 12 20 17 1989 0 27025167.354323 1968694.62769451 0 2092398.42108625 1978693.62769451 1292812.37891375
1989-12-24 12 21 24 1989 0 25866412.5843686 820598.234692898 0 2040276.43533527 830597.234692898 1424728.96466473
1989-12-31 12 22 31 1989 0 24828479.9973128 59380.4750346449 0 2135323.51320989 69379.4750346449 1045876.48679011
1990-01-07 1 23 7 1990 0 29777321.9787438 6786427.13983348 0 2016341.07032415 6796426.13983349 441018.929675845
