"date" "month" "week" "day" "year" "shortfall_1" "shortfall_2" "shortfall_5" "shortfall_6" "shortfall_7" "shortfall_8" "shortfall_9" "shortfall_10" "shortfall_11" "NumOfLowFlowBonn" "BelowFCC" "FirmEnergySales" "NonFirmSpotSales" "MaxSystemEnergy"
1979-08-05 8 1 5 1979 0 0 0 0 0 0 0 0 62364.6815002694 0 0 30702000 19056000 1543511.29285367
1979-08-12 8 2 12 1979 251506.824408352 479520 0 0 0 109959.259220449 0 0 62148.970161895 0 0 24763661.1457077 0 707533.175591648
1979-08-19 8 3 19 1979 339119.098942842 479520 0 0 0 106055.383262223 0 0 61495.4453970253 0 0 24592333.5370005 0 702638.101057158
1979-08-26 8 4 26 1979 390816.573382501 479520 0 0 0 94778.8386414271 0 0 54642.3541465311 0 0 25678023.9316125 0 733657.826617499
1979-09-02 9 5 2 1979 527520.307004789 479520 0 0 0 0 0 0 82309.4191005256 0 0 23788495.2548324 0 679671.292995211
1979-09-09 9 6 9 1979 591284.742423174 179820 0 0 0 0 0 0 68420.3125025952 0 0 23067228.0151889 0 659063.657576826
1979-09-16 9 7 16 1979 641652.28514451 179820 0 0 0 0 0 0 72785.4403473551 0 0 22814852.0199422 0 651852.91485549
1979-09-23 9 8 23 1979 678940.272723664 179820 0 0 0 0 0.819100273034564 0 74214.1142347223 0 0 23020260.4546718 0 657721.727276336
1979-09-30 9 9 30 1979 682573.345280045 179820 0 0 0 0 2.71547798429447 0 73454.5324499024 0 0 24403590.9151984 0 697245.454719955
1979-10-07 10 10 7 1979 624281.349068593 359640 0 0 0 0 6.31132833515585 0 70927.7169594294 0 0 27652201.1825992 0 790062.890931407
1979-10-14 10 11 14 1979 674283.821012912 359640 0 0 0 0 9.61274743655622 0 74718.4255738564 0 0 27110505.0645481 0 774585.858987088
1979-10-21 10 12 21 1979 677174.954967289 359640 0 0 0 0 11.9301021858207 0 72486.0136944385 0 0 28217705.7761449 0 806220.165032711
1979-10-28 10 13 28 1979 788324.967547809 359640 0 0 0 0 15.7186318103106 0 54400.3161729326 0 0 25535845.7358267 0 729595.592452191
1979-11-04 11 14 4 1979 1032290.58251952 359640 0 0 0 0 0 0 62002.2293432348 586282.422609154 0 18205439.611817 0 520155.417480485
1979-11-11 11 15 11 1979 488706.610868039 3236760 0 0 0 0 0 0 71285.8890361502 0 0 35720390.6196186 0 1020582.58913196
1979-11-18 11 16 18 1979 942234.815633194 3236760 0 0 0 0 0 0 74282.9675922372 715514.958178169 0 18336415.4528382 0 523897.584366806
1979-11-25 11 17 25 1979 963802.889956032 3236760 0 0 0 0 0 0 72040.7561676272 824070.119091105 0 16071044.8515389 0 459172.710043968
1979-12-02 12 18 2 1979 742700.412451442 3236760 0 0 0 0 0 0 75193.339456651 517405.773046092 0 22299143.5641995 0 637118.387548558
1979-12-09 12 19 9 1979 489937.59188196 1817800.38 0 0 0 0 0 0 70250.5069467474 0 0 34166818.2841314 0 976194.80811804
1979-12-16 12 20 16 1979 614908.424046999 1811266.92 0 0 0 0 0 0 66678.9080559538 0 0 32813815.158355 0 937537.575953001
1979-12-23 12 21 23 1979 905022.01540772 1804733.46 0 0 0 0 0 0 72112.1404087679 138815.81344509 0 25680815.4607298 0 733737.584592281
1979-12-30 12 22 30 1979 1112557.85079411 1438560 0 0 0 0 0 0 71199.410270045 469465.020113691 0 21438037.222206 0 612515.349205887
1980-01-06 1 23 6 1980 780626.421706554 719280 0 0 0 0 0 0 69964.7887891486 0 0 33173119.6402706 0 947803.418293446
1980-01-13 1 24 13 1980 802251.561072001 719280 0 0 0 0 0 0 70888.8297440745 0 0 32533722.16248 0 929534.918927999
1980-01-20 1 25 20 1980 917937.69698937 719280 0 0 0 0 0 0 61840.210512308 0 0 28602189.805372 0 817205.42301063
1980-01-27 1 26 27 1980 934865.832440682 719280 0 0 0 0 0 0 56199.3397391767 0 0 28127187.4645761 0 803633.927559318
1980-02-03 2 27 3 1980 930035.808974885 719280 0 0 0 0 0 0 68979.5194952964 0 0 28413720.685879 0 811820.591025115
1980-02-10 2 28 10 1980 1075472.79266531 959040 0 0 14456.3981891834 0 0 0 63857.7772993558 539334.124151542 0 19400353.256714 0 554295.807334685
1980-02-17 2 29 17 1980 1122958.68821387 959040 0 0 39982.1783857448 0 0 0 63336.6175138504 864619.896114562 0 13815273.9125145 0 394722.11178613
1980-02-24 2 30 24 1980 864273.357441626 959040 0 0 37222.7779935323 0 0 0 39163.3474062429 706761.863029161 0 18946187.4895431 0 541319.642558374
1980-03-02 3 31 2 1980 611704.798256597 959040 0 0 22261.7127693259 0 0 0 17038.0917569069 0 0 23863014.0610191 0 681800.401743403
1980-03-09 3 32 9 1980 422350.778589451 2037960 0 0 0 0 0 0 28078.6460501526 0 0 27018380.2493692 0 771953.721410549
1980-03-16 3 33 16 1980 499503.522093494 2037960 0 4965.37426133086 11739.8126369633 0 0 0 43980.4429888474 0 0 20846009.7267277 0 595600.277906506
1980-03-23 3 34 23 1980 433473.471851981 2037960 0 5907.49558380831 20076.3432166257 0 0 0 47313.4412032703 229888.468642145 0 19685036.9851807 0 562429.628148019
1980-03-30 3 35 30 1980 325488.956344527 2037960 0 7346.46384383308 20065.5174608974 0 0 0 48447.5280395046 301051.388831392 0 19992470.5279415 0 571213.443655473
1980-04-06 4 36 6 1980 376497.460359709 1918080 0 41708.6798649585 28871.5019941322 19629.4812018106 0 0 56094.3109762143 250274.269017969 0 16098783.3874102 0 459965.239640291
1980-04-13 4 37 13 1980 252117.066439844 1918080 0 36995.7731714798 19697.4014479434 7899.30282083564 0 0 53185.9838665179 162417.234437189 0 18343707.6746055 0 524105.933560156
1980-04-20 4 38 20 1980 125979.275056772 1918080 0 24338.1809360437 14925.8207617087 0 0 0 45496.8195392297 0 0 20650140.873013 0 590004.024943229
1980-04-27 4 39 27 1980 0 1398583.70692876 0 0 0 0 0 0 0 0 0 22974000 9506782.16320368 1175896.29307124
1980-05-04 5 40 4 1980 0 819903.860199083 0 0 0 0 0 0 0 0 0 24662400 12407407.1486554 1443176.13980092
1980-05-11 5 41 11 1980 0 721399.270357084 0 0 0 0 0 0 0 0 0 26350800 14062284.258001 1589920.72964292
1980-05-18 5 42 18 1980 0 281223.83179146 0 0 0 0 0 56626.8807601876 0 0 0 28039200 21457231.6259035 2078336.16820854
1980-05-25 5 43 25 1980 0 295950.299360944 0 0 0 0 0 0 10181.7208494918 0 0 29727600 21209826.9707361 2111849.70063906
1980-06-01 6 44 1 1980 0 326919.091241722 0 0 0 0 0 0 0 0 0 31416000 25861939.0839238 2129120.90875828
1980-06-08 6 45 8 1980 0 0 0 0 0 0 0 0 0 0 0 31111500 5040000 1881087.90551549
1980-06-15 6 46 15 1980 0 0 0 0 0 0 0 0 0 0 0 30807000 5040000 1702849.03881766
1980-06-22 6 47 22 1980 0 0 0 0 0 0 0 0 536.923652985439 0 0 30502500 5040000 1714622.14655878
1980-06-29 6 48 29 1980 0 0 0 0 0 0 0 0 34242.9476571298 0 0 30198000 5040000 1339073.18927987
1980-07-06 7 49 6 1980 0 2717312.53063932 0 0 0 0 0 0 47533.0077094747 0 0 29599500 8110936.61145984 1125387.46936068
1980-07-13 7 50 13 1980 0 2653581.35876047 0 0 0 0 0 0 50101.0277550565 0 0 29001000 9959140.5959464 1172018.64123953
1980-07-20 7 51 20 1980 0 2431906.79686703 0 0 0 3486.76660188593 0 0 63345.8806941964 0 0 28402500 16387702.8908562 1376593.20313297
1980-07-27 7 52 27 1980 0 2867846.69694721 0 0 0 50353.949738385 0 0 67974.9301173632 0 0 27804000 3745445.78853105 923553.303052795
1980-08-03 8 1 3 1980 230366.785924604 479520 0 9416.33180815545 0 111574.665086482 0.667623174722848 0 77684.4795327819 0 0 22608460.4926389 0 645956.014075396
1980-08-10 8 2 10 1980 313428.348837933 479520 0 18082.7678620355 0 125966.948829227 1.89081129486499 0 83096.2822824661 0 0 22596407.7906724 0 645611.651162067
1980-08-17 8 3 17 1980 453051.638590382 479520 0 28625.7558798108 0 110245.054724652 4.18468200650909 0 83799.0585078067 0 0 20604694.6493366 0 588705.561409618
1980-08-24 8 4 24 1980 470453.400040991 479520 0 24404.9031030245 0 121335.038410218 4.63105843104222 0 79909.8075683777 0 0 22890734.9985653 0 654020.999959009
1980-08-31 8 5 31 1980 581771.190617067 479520 0 28624.8203507886 0 95100.1643390474 5.25456950495072 0 82285.5061399604 0 0 21889714.3284026 0 625420.409382933
1980-09-07 9 6 7 1980 625620.047029153 179820 0 0 0 0 4.98984046453234 0 85055.8828386395 0 0 21865492.3539797 0 624728.352970847
1980-09-14 9 7 14 1980 692708.541082331 179820 0 0 0 0 9.39477352712925 0 89970.1690356427 0 0 21027883.0621184 0 600796.658917669
1980-09-21 9 8 21 1980 677873.125654974 179820 0 0 0 0 10.0985588236954 0 66256.4860293033 0 0 23057610.6020759 0 658788.874345026
1980-09-28 9 9 28 1980 683778.209599811 179820 0 0 0 0 11.6069228458489 0 68586.2970513243 0 0 24361420.6640066 0 696040.590400189
1980-10-05 10 10 5 1980 690382.138371625 359640 0 0 0 0 13.9492114896989 0 79457.4361695501 0 0 25338673.5569931 0 723962.101628375
1980-10-12 10 11 12 1980 722771.232501141 359640 0 0 0 0 18.4733306567277 0 80602.860789182 0 0 25413445.6624601 0 726098.447498859
1980-10-19 10 12 19 1980 785094.308684346 359640 0 0 0 0 20.2204090919927 0 75146.736014177 0 0 24440528.3960479 0 698300.811315655
1980-10-26 10 13 26 1980 847502.437902384 359640 0 0 0 0 24.0780011308179 0 73249.4756612686 0 0 23464634.2734166 0 670418.122097616
1980-11-02 11 14 2 1980 1188788.76076877 359640 0 0 0 0 0 0 77177.7032069034 1296278.07992235 0 12728003.3730931 0 363657.239231232
1980-11-09 11 15 9 1980 388888.425285381 3236760 0 0 0 0 0 0 81249.2148779209 0 0 39214027.1150116 0 1120400.77471462
1980-11-16 11 16 16 1980 688635.345841699 3236760 0 0 0 0 0 0 55625.0877261325 600223.848760599 0 27212396.8955405 0 777497.054158301
1980-11-23 11 17 23 1980 911691.617207867 3236760 0 0 0 0 0 0 75242.6371088663 596692.899566488 0 17894939.3977247 0 511283.982792133
1980-11-30 11 18 30 1980 881375.213366344 3236760 0 0 0 0 0 0 74496.2679066306 1111399.14624486 0 17445525.532178 0 498443.586633656
1980-12-07 12 19 7 1980 461433.925573969 1817800.38 0 0 0 0 0 0 74960.4252970414 0 0 35164446.6049111 0 1004698.47442603
1980-12-14 12 20 14 1980 503552.580044244 1811266.92 0 0 0 0 0 0 68671.1069000607 0 0 36711269.6984515 0 1048893.41995576
1980-12-21 12 21 21 1980 778292.611753004 1804733.46 0 0 0 0 0 0 77015.7640494003 0 0 30116344.5886449 0 860466.988246996
1980-12-28 12 22 28 1980 1052014.10275521 1438560 0 0 0 0 0 0 73827.5184286048 496399.097054317 0 23557068.4035677 0 673059.09724479
1981-01-04 1 23 4 1981 647936.580102099 719280 0 0 0 0 0 0 32574.8693247368 0 0 37817264.0964265 0 1080493.2598979
1981-01-11 1 24 11 1981 728886.520962156 719280 0 0 0 0 0 0 60176.6356055821 0 0 35101498.5663245 0 1002899.95903784
1981-01-18 1 25 18 1981 796973.534294 719280 0 0 0 0 0 0 67538.0484702158 0 0 32835935.49971 0 938169.585706
1981-01-25 1 26 25 1981 855985.297575856 719280 0 0 0 0 0 0 69657.6394899653 0 0 30888006.184845 0 882514.462424144
1981-02-01 2 27 1 1981 748861.25171317 719280 0 0 0 0 0 0 53219.8290114231 0 0 34754830.190039 0 992995.14828683
1981-02-08 2 28 8 1981 553256.360321535 959040 0 0 0 0 0 0 56507.2767656402 0 0 37677928.3887463 0 1076512.23967847
1981-02-15 2 29 15 1981 449652.706601023 959040 0 0 0 0 0 0 60196.5386002964 0 0 37380983.2689642 0 1068028.09339898
1981-02-22 2 30 22 1981 330371.002323648 959040 0 0 0 0 0 0 31573.3673064144 0 0 37632769.9186723 0 1075221.99767635
1981-03-01 3 31 1 1981 0 626330.55520442 0 0 0 0 0 0 18728.4560324615 0 0 45318000 8583903.67572597 1627509.44479558
1981-03-08 3 32 8 1981 0 1761734.1084756 0 0 0 0 0 0 52021.2240876261 0 0 41842500 7126628.00132964 1471725.8915244
1981-03-15 3 33 15 1981 0 1851826.93680195 0 0 0 0 0 0 56794.6389319238 0 0 38367000 4802233.03050965 1282333.06319805
1981-03-22 3 34 22 1981 0 1945440.47438997 0 0 0 0 0 0 42151.4670789113 0 0 34891500 2387003.7607388 1089419.52561003
1981-03-29 3 35 29 1981 0 1965768.87792323 0 0 0 0 0 0 43850.8162783893 0 0 31416000 1862530.94958057 969791.122076766
1981-04-05 4 36 5 1981 0 1035536.97984527 0 22740.9184725802 0 0 0 0 36952.1007636627 0 0 29305500 16150537.2688315 1719843.02015473
1981-04-12 4 37 12 1981 99169.3266068075 1918080 0 35595.9629097444 0 0 0 0 49419.3140466323 0 0 23696878.5687617 0 677053.673393192
1981-04-19 4 38 19 1981 64402.9788165293 1918080 0 39081.7419189513 0 0 0 0 58068.9190966113 389658.416688832 0 22805311.2414215 0 651580.321183471
1981-04-26 4 39 26 1981 0 1540687.78795099 0 0 0 0 0 0 13925.1743158859 548619.724213096 0 22974000 6906277.48049691 1033792.21204901
1981-05-03 5 40 3 1981 0 912683.051180601 0 0 0 0 0 0 17001.4505565739 0 0 24662400 10848716.7401659 1350396.9488194
1981-05-10 5 41 10 1981 0 794569.899442999 0 0 0 0 0 0 0 0 0 26350800 12833017.6893576 1516750.100557
1981-05-17 5 42 17 1981 0 973134.870111743 0 0 0 0 0 0 22958.4521777469 0 0 28039200 9833126.18212271 1386425.12988826
1981-05-24 5 43 24 1981 0 960555.877470522 0 0 0 12952.611823944 0 0 14397.4977494395 0 0 29727600 10044453.2584952 1447244.12252948
1981-05-31 5 44 31 1981 0 705317.108934583 0 0 0 0 0 0 0 0 0 31416000 14332464.569899 1750722.89106542
1981-06-07 6 45 7 1981 0 0 0 0 0 0 0 26.3027985559311 0 0 0 31111500 5040000 1937628.37038314
1981-06-14 6 46 14 1981 0 0 0 0 0 0 0 0 0 0 0 30807000 5040000 2192936.46551123
1981-06-21 6 47 21 1981 0 0 0 0 0 0 0 0 0 0 0 30502500 5040000 1911298.16224381
1981-06-28 6 48 28 1981 0 0 0 0 0 0 0 0 13792.4499643374 0 0 30198000 5040000 1926098.94343698
1981-07-05 7 49 5 1981 0 2423237.0461848 0 0 0 0 0 0 58959.852481748 0 0 29599500 16639125.6606409 1419462.9538152
1981-07-12 7 50 12 1981 0 2126464.28332326 0 0 0 0 0 0 63336.4265343448 0 0 29001000 25245535.7836254 1699135.71667674
1981-07-19 7 51 19 1981 0 2232976.67960485 0 0 0 0 0 0 66843.5994010371 0 0 28402500 22156676.2914594 1575523.32039515
1981-07-26 7 52 26 1981 0 2263504.71072503 0 23139.8686339707 0 0 0 0 79912.6786828121 0 0 27804000 21271363.3889741 1527895.28927497
1981-08-02 8 1 2 1981 214656.819470561 479520 0 29156.9629441721 0 103095.037402154 0 0 81083.4013472894 0 0 23158309.3185304 0 661665.980529439
1981-08-09 8 2 9 1981 0 258793.263334384 0 31042.2903799248 0 13343.6143441051 0 0 82298.3102263501 0 0 33600000 8762851.44562494 1180726.73666562
1981-08-16 8 3 16 1981 228222.244700387 479520 0 31086.6437735822 0 72564.8924720003 0 0 82653.1893411358 0 0 28473723.4354865 0 813534.955299613
1981-08-23 8 4 23 1981 357638.951510962 479520 0 31464.4323498106 0 89391.5309415589 0 0 83204.3003430905 0 0 26839240.6971163 0 766835.448489038
1981-08-30 8 5 30 1981 512139.984230525 479520 0 32574.694491614 0 92262.2126766092 0 0 84016.0531987619 0 0 24326806.5519316 0 695051.615769475
1981-09-06 9 6 6 1981 738289.655403473 179820 0 0 0 0 0 0 84752.5004742968 0 0 17922056.0608785 0 512058.744596527
1981-09-13 9 7 13 1981 707118.055059532 179820 0 0 0 0 0 0 86579.4184124946 0 0 20523550.0729164 0 586387.144940468
1981-09-20 9 8 20 1981 700464.882355459 179820 0 0 0 0 0 0 86904.3707743953 0 0 22266899.1175589 0 636197.117644541
1981-09-27 9 9 27 1981 707046.083258889 179820 0 0 0 0 0 0 85651.1560261478 0 0 23547045.0859389 0 672772.716741111
1981-10-04 10 10 4 1981 718447.537906627 359640 0 0 0 0 0 0 82748.6974597202 0 0 24356384.5732681 0 695896.702093373
1981-10-11 10 11 11 1981 677906.918109802 359640 0 0 0 0 0 0 83571.2416006679 0 0 26983696.6661569 0 770962.761890198
1981-10-18 10 12 18 1981 719221.019726631 359640 0 0 0 0 0 0 89130.4083420745 0 0 26746093.5095679 0 764174.100273369
1981-10-25 10 13 25 1981 735644.065127114 359640 0 0 0 0 0 0 85217.4736716401 0 0 27379677.320551 0 782276.494872886
1981-11-01 11 14 1 1981 1152030.48665434 359640 0 0 0 0 0 0 84499.3797340077 1388974.5132693 0 14014542.9670981 0 400415.51334566
1981-11-08 11 15 8 1981 229456.372530035 3236760 0 0 0 0 0 0 81007.0400870855 0 0 44794148.9614488 0 1279832.82746996
1981-11-15 11 16 15 1981 397990.727573375 3236760 0 0 0 0 0 0 84881.0974115212 0 0 37384958.5349319 0 1068141.67242662
1981-11-22 11 17 22 1981 759694.998473166 3236760 0 0 0 0 0 0 80063.5823248735 925715.231268395 0 23214821.0534392 0 663280.601526834
1981-11-29 11 18 29 1981 844229.298680715 3236760 0 0 0 0 0 0 77775.6544804473 826140.837590045 0 18745632.546175 0 535589.501319285
1981-12-06 12 19 6 1981 422282.707095141 1817800.38 0 0 0 0 0 0 67578.1731909897 0 0 36534739.2516701 0 1043849.69290486
1981-12-13 12 20 13 1981 465335.799029019 1811266.92 0 0 0 0 0 0 66860.8946692593 0 0 38048857.0339843 0 1087110.20097098
1981-12-20 12 21 20 1981 715840.204413299 1804733.46 0 0 0 0 0 0 64555.3080409587 0 0 32302178.8455346 0 922919.395586701
1981-12-27 12 22 27 1981 908981.495724111 1438560 0 0 0 0 0 0 46780.7945194445 0 0 28563209.6496561 0 816091.704275889
1982-01-03 1 23 3 1982 666100.47962761 719280 0 0 0 0 0 0 55144.6105277101 0 0 37181527.6130336 0 1062329.36037239
1982-01-10 1 24 10 1982 777879.653988512 719280 0 0 0 0 0 0 64907.0284377923 0 0 33386738.9104021 0 953906.826011488
1982-01-17 1 25 17 1982 809249.848974248 719280 0 0 0 0 0 0 66588.1331245495 0 0 32406264.4859013 0 925893.271025752
1982-01-24 1 26 24 1982 775005.946682645 719280 0 0 0 0 0 0 66019.9209088738 0 0 33722283.4661074 0 963493.813317355
1982-01-31 1 27 31 1982 731263.256578945 719280 0 0 0 0 0 0 63111.1460446435 0 0 35370760.0197369 0 1010593.14342106
1982-02-07 2 28 7 1982 545435.21820928 959040 0 0 0 0 0 0 54124.1996851579 0 0 37951668.3626752 0 1084333.38179072
1982-02-14 2 29 14 1982 530985.384703163 959040 0 0 0 0 0 0 60765.9249051985 0 0 34534339.5353893 0 986695.415296837
1982-02-21 2 30 21 1982 295921.499768809 959040 0 0 0 0 0 0 31675.3579429837 0 0 38838502.5080917 0 1109671.50023119
1982-02-28 2 31 28 1982 277926.70359487 959040 0 0 0 0 0 0 0 0 0 35545247.3741795 0 1015578.49640513
1982-03-07 3 32 7 1982 0 1554157.25165403 0 0 0 0 0 0 21246.8625131612 0 0 41842500 12482110.9073261 1679302.74834597
1982-03-14 3 33 14 1982 33175.4074841489 2037960 0 0 0 0 0 0 20819.4403596915 0 0 37167493.7380548 0 1061928.39251585
1982-03-21 3 34 21 1982 0 2007109.71033377 0 0 0 0 0 0 16743.9250763782 0 0 34891500 795937.473388667 1027750.28966623
1982-03-28 3 35 28 1982 0 2034171.57476119 0 0 0 0 0 0 30786.7579378505 0 0 31416000 97741.3711613224 901388.425238811
1982-04-04 4 36 4 1982 0 1369293.06157223 0 0 0 0 0 0 21226.3044034424 0 0 29305500 10042800.9732282 1386086.93842777
1982-04-11 4 37 11 1982 31840.7165296613 1918080 0 14179.7611227004 114.731970171895 0 0 0 31863.0091815864 0 0 26053379.9214619 0 744382.283470339
1982-04-18 4 38 18 1982 0 1572336.60095436 0 0 0 0 0 0 16315.5989968085 0 0 25084500 6327104.20253514 1062443.39904564
1982-04-25 4 39 25 1982 0 1446087.15057343 0 0 0 0 0 0 15712.0243289078 0 0 22974000 8637469.14450628 1128392.84942657
1982-05-02 5 40 2 1982 0 1076356.94661072 0 9200.90380748078 0 33533.4292677402 0 0 42756.655256772 0 0 24662400 8098995.29693991 1186723.05338928
1982-05-09 5 41 9 1982 0 810517.799137774 0 0 0 0 0 0 0 0 0 26350800 12565092.9744854 1500802.20086223
1982-05-16 5 42 16 1982 0 838372.507130611 0 0 0 0 0 0 0 0 0 28039200 12097133.8802057 1521187.49286939
1982-05-23 5 43 23 1982 0 918795.17273657 0 0 0 0 0 0 0 0 0 29727600 10746033.0980256 1489004.82726343
1982-05-30 5 44 30 1982 0 883336.48627895 0 0 0 0 0 0 0 0 0 31416000 11341739.0305136 1572703.51372105
1982-06-06 6 45 6 1982 0 0 0 0 0 0 0 59941.4213473119 0 0 0 31111500 5040000 2098577.77092754
1982-06-13 6 46 13 1982 0 0 0 0 0 0 0 17601.2295441332 0 0 0 30807000 5040000 2146899.78463398
1982-06-20 6 47 20 1982 0 0 0 0 0 0 0 722.678062167834 0 0 0 30502500 5040000 2536414.99034515
1982-06-27 6 48 27 1982 0 0 0 0 0 0 0 41008.6384499742 0 0 0 30198000 5040000 2448565.16452383
1982-07-04 7 49 4 1982 0 1614693.81197811 0 0 0 0 0 2771.98524852836 0 0 0 29599500 40086879.4526348 2228006.18802189
1982-07-11 7 50 11 1982 0 1437324.35998525 0 0 0 0 0 23523.8596342119 0 0 0 29001000 45230593.5604277 2388275.64001475
1982-07-18 7 51 18 1982 0 1572266.57163825 0 0 0 0 0 17515.0737937248 21139.0337400798 0 0 28402500 41317269.4224906 2236233.42836175
1982-07-25 7 52 25 1982 0 2146989.64847047 0 0 0 0 0 0 49462.6181986409 0 0 27804000 24650300.1943562 1644410.35152952
1982-08-01 8 1 1 1982 0 19155.5931258369 0 0 0 0 0 0 57496.5199308267 0 0 30702000 18276466.9529043 1337564.40687416
1982-08-08 8 2 8 1982 0 0 0 0 0 0 0 0 64408.2116088504 0 0 33600000 19056000 1467641.20340606
1982-08-15 8 3 15 1982 0 200823.454461088 0 0 0 0 0 0 65918.5650915921 0 0 36498000 11064252.8578948 1321496.54553891
1982-08-22 8 4 22 1982 0 107036.992337642 0 1229.57892880917 0 0 0 0 68184.4671613577 0 0 39396000 14787575.4041956 1498083.00766236
1982-08-29 8 5 29 1982 4260.10860117711 479520 0 13431.9749364096 0 24145.0205022948 0 0 80926.4694783856 0 0 42102602.1989588 0 1202931.49139882
1982-09-05 9 6 5 1982 704485.154220812 179820 0 0 0 0 0 0 82659.4889255121 0 0 19105213.6022716 0 545863.245779188
1982-09-12 9 7 12 1982 699044.097432701 179820 0 0 0 0 0 0 81974.3636784554 0 0 20806138.5898555 0 594461.102567299
1982-09-19 9 8 19 1982 682267.050274799 179820 0 0 0 0 0 0 79353.1714391909 0 0 22903823.240382 0 654394.949725201
1982-09-26 9 9 26 1982 707325.58484691 179820 0 0 0 0 0 0 69201.3037936298 0 0 23537262.5303581 0 672493.21515309
1982-10-03 10 10 3 1982 650562.515167812 359640 0 0 0 0 0 0 65068.008104878 0 0 26732360.3691266 0 763781.724832188
1982-10-10 10 11 10 1982 634312.417342178 359640 0 0 0 0 0 0 60886.0860579541 0 0 28509504.1930238 0 814557.262657822
1982-10-17 10 12 17 1982 694524.81411787 359640 0 0 0 0 0 0 69065.9827332723 0 0 27610460.7058746 0 788870.305882131
1982-10-24 10 13 24 1982 696410.224940283 359640 0 0 0 0 0 0 76078.9923173948 0 0 28752861.7270901 0 821510.335059717
1982-10-31 10 14 31 1982 703065.933880345 359640 0 0 0 0 0 0 70143.5517161308 0 0 29728302.3141879 0 849380.066119655
1982-11-07 11 15 7 1982 0 3180860.79172355 0 0 0 0 0 0 52384.0062014796 0 0 52878000 1822314.18981214 1566699.20827645
1982-11-14 11 16 14 1982 354076.023794581 3236760 0 0 0 0 0 0 64443.1387660513 0 0 38921973.1671897 0 1112056.37620542
1982-11-21 11 17 21 1982 731855.703631612 3236760 0 0 0 0 0 0 70338.0420965516 480539.903211269 0 24189196.3728936 0 691119.896368388
1982-11-28 11 18 28 1982 759418.066445039 3236760 0 0 0 0 0 0 60528.0807610382 619253.4830048 0 21714025.6744236 0 620400.733554961
1982-12-05 12 19 5 1982 417203.907835213 1817800.38 0 0 0 0 0 0 66540.4871914795 0 0 36712497.2257676 0 1048928.49216479
1982-12-12 12 20 12 1982 468770.134427198 1811266.92 0 0 0 0 0 0 58826.5999704017 0 0 37928655.2950481 0 1083675.8655728
1982-12-19 12 21 19 1982 736347.241263942 1804733.46 0 0 0 0 0 0 65448.9971404848 0 0 31584432.555762 0 902412.358736058
1982-12-26 12 22 26 1982 923752.732662012 1438560 0 0 0 0 0 0 56842.9207492951 0 0 28046216.3568296 0 801320.467337988
1983-01-02 1 23 2 1983 676606.61008242 719280 0 0 0 0 0 0 57338.5907305364 0 0 36813813.0471153 0 1051823.22991758
1983-01-09 1 24 9 1983 707875.419999119 719280 0 0 0 0 0 0 63086.9650459256 0 0 35836887.1000308 0 1023911.06000088
1983-01-16 1 25 16 1983 637897.25002663 719280 0 0 0 0 0 0 48990.3816717773 0 0 38403605.449068 0 1097245.86997337
1983-01-23 1 26 23 1983 669647.830692279 719280 0 0 0 0 0 0 58773.2931470218 0 0 37409817.5257702 0 1068851.92930772
1983-01-30 1 27 30 1983 697668.370443264 719280 0 0 0 0 0 0 57778.021455554 0 0 36546581.0344858 0 1044188.02955674
1983-02-06 2 28 6 1983 485626.646940737 959040 0 0 0 0 0 0 49561.9123531595 0 0 40044968.3570742 0 1144141.95305926
1983-02-13 2 29 13 1983 427231.411697089 959040 0 0 0 0 0 0 55294.9652522217 0 0 38165728.5906019 0 1090449.38830291
1983-02-20 2 30 20 1983 320836.04313123 959040 0 0 0 0 0 0 38549.9845985102 0 0 37966493.4904069 0 1084756.95686877
1983-02-27 2 31 27 1983 333297.615382339 959040 0 0 0 0 0 0 21128.6158694879 0 0 33607265.4616181 0 960207.584617661
1983-03-06 3 32 6 1983 61236.6081530105 2037960 0 0 0 0 0 0 18746.572850064 0 0 39657376.2146446 0 1133067.89184699
1983-03-13 3 33 13 1983 0 1935362.21243667 0 0 0 0 0 0 1457.29445498879 0 0 38367000 2647022.91913379 1198797.78756333
1983-03-20 3 34 20 1983 0 1557227.96943518 0 0 0 0 0 0 0 0 0 34891500 12402886.3885725 1477632.03056482
1983-03-27 3 35 27 1983 0 1721135.47931465 0 0 0 0 0 0 9613.44565863065 0 0 31416000 8174072.63368208 1214424.52068535
1983-04-03 4 36 3 1983 0 1225146.46238735 0 4477.99363951451 0 0 0 0 21959.3032897732 0 0 29305500 12680683.7383114 1530233.53761265
1983-04-10 4 37 10 1983 0 1705784.58493546 0 9342.74716301291 0 0 0 0 23573.9966472402 0 0 27195000 3885006.09568107 989295.41506454
1983-04-17 4 38 17 1983 0 1860759.32694929 0 21409.9855702863 0 0 0 0 40726.5425100249 0 0 25084500 1048968.31682803 774020.673050712
1983-04-24 4 39 24 1983 0 1532928.60347006 0 0 0 0 0 0 33882.9907669875 0 0 22974000 7048270.55649798 1041551.39652994
1983-05-01 5 40 1 1983 0 1007863.49321223 0 16680.2564386075 0 0 0 0 39685.8579314129 0 0 24662400 9249685.31403458 1255216.50678777
1983-05-08 5 41 8 1983 0 829274.269555663 0 0 0 0 0 0 7273.76372710433 0 0 26350800 12249984.2714649 1482045.73044434
1983-05-15 5 42 15 1983 0 786596.20642951 0 0 0 0 0 0 0 0 0 28039200 12966975.7319842 1572963.79357049
1983-05-22 5 43 22 1983 0 889133.390072718 0 0 0 0 0 0 2699.46588495139 0 0 29727600 11244351.0467783 1518666.60992728
1983-05-29 5 44 29 1983 0 865885.886176593 0 0 0 0 0 0 0 0 0 31416000 11634909.1122332 1590154.11382341
1983-06-05 6 45 5 1983 0 0 0 0 0 0 0 47370.6646930008 0 0 0 31111500 5040000 2134164.93478164
1983-06-12 6 46 12 1983 0 0 0 0 0 0 0 345222.145574637 0 0 0 30807000 5040000 2453145.2376092
1983-06-19 6 47 19 1983 0 0 0 0 0 0 0 78981.130369445 0 0 0 30502500 5040000 2100915.11488982
1983-06-26 6 48 26 1983 0 0 0 0 0 0 0 21913.726542569 0 0 0 30198000 5040000 2244948.12103597
1983-07-03 7 49 3 1983 0 2244960.3213728 0 0 0 0 0 0 8571.09335331885 0 0 29599500 21809150.6801888 1597739.6786272
1983-07-10 7 50 10 1983 0 2168405.09031307 0 0 0 0 0 0 5585.17749379888 0 0 29001000 24029252.3809209 1657194.90968693
1983-07-17 7 51 17 1983 0 2293075.64771811 0 0 0 0 0 0 32843.4349573843 0 0 28402500 20413806.2161749 1515424.35228189
1983-07-24 7 52 24 1983 0 2015218.74774791 0 0 0 0 0 0 41896.5379975391 0 0 27804000 28471656.3153106 1776181.25225209
1983-07-31 7 52 31 1983 0 2211806.09880424 0 0 0 0 0 0 60143.0585979223 0 0 27804000 22770623.1346771 1579593.90119576
1983-08-07 8 1 7 1983 0 16905.9954489414 0 0 0 0 0 0 65430.0799354545 0 0 30702000 18365775.980677 1339814.00455106
1983-08-14 8 2 14 1983 0 146933.242729205 0 1663.82891185 0 22132.3637240526 0 0 66855.6512499984 0 0 33600000 13203694.2636506 1292586.75727079
1983-08-21 8 3 21 1983 48614.4393840821 479520 0 9520.99694251992 0 54874.0920065424 0 0 69415.1710509565 0 0 34759996.6215571 0 993142.760615918
1983-08-28 8 4 28 1983 411266.499697272 479520 0 6577.46857326668 0 82470.1113236943 0 0 65206.9605795418 0 0 24962276.5105955 0 713207.900302728
1983-09-04 9 5 4 1983 595535.25474737 479520 0 0 0 0 0 0 82723.4191711001 0 0 21407972.083842 0 611656.345252629
1983-09-11 9 6 11 1983 646088.457208253 179820 0 0 0 0 0 0 85031.5320501191 0 0 21149097.9977111 0 604259.942791746
1983-09-18 9 7 18 1983 657274.556484176 179820 0 0 0 0 0 0 76927.4886962304 0 0 22268072.5230538 0 636230.643515824
1983-09-25 9 8 25 1983 692484.019722429 179820 0 0 0 0 0 0 75281.4243346074 0 0 22546229.309715 0 644177.980277571
1983-10-02 10 9 2 1983 754602.670900849 179820 0 0 0 0 0 0 78653.5155574889 0 0 21882564.5184703 0 625216.129099151
1983-10-09 10 10 9 1983 638130.764315107 359640 0 0 0 0 0 0 68652.8899301909 0 0 27167471.6489713 0 776213.475684893
1983-10-16 10 11 16 1983 669532.845791799 359640 0 0 0 0 2.44078728836189 0 66432.2353120936 0 0 27276789.197287 0 779336.834208201
1983-10-23 10 12 23 1983 688463.629708028 359640 0 0 0 0 5.05662640131095 0 68639.0788478499 0 0 27822602.160219 0 794931.490291972
1983-10-30 10 13 30 1983 717345.291488568 359640 0 0 0 0 8.55841975122235 0 69411.9728501281 0 0 28020134.3979001 0 800575.268511432
1983-11-06 11 14 6 1983 1082482.21064113 359640 0 0 0 0 0 0 68907.4650803165 837953.567715739 0 16448732.6275603 0 469963.789358866
1983-11-13 11 15 13 1983 45220.3326724414 3236760 0 0 0 0 0 0 50397.8733466417 0 0 51242410.3564645 0 1464068.86732756
1983-11-20 11 16 20 1983 337375.226930492 3236760 0 0 0 0 0 0 46034.1253259268 0 0 39506501.0574328 0 1128757.17306951
1983-11-27 11 17 27 1983 738872.398193086 3236760 0 0 0 0 0 0 49881.3396872689 0 0 23943612.063242 0 684103.201806914
1983-12-04 12 18 4 1983 551258.2896267 3236760 0 0 0 0 0 0 64780.7884613047 0 0 28999617.8630655 0 828560.5103733
1983-12-11 12 19 11 1983 506402.968026702 1817800.38 0 0 0 0 0 0 71445.4241835134 0 0 33590530.1190654 0 959729.431973297
1983-12-18 12 20 18 1983 538487.600151743 1811266.92 0 0 0 0 0 0 61947.8316461677 0 0 35488543.994689 0 1013958.39984826
1983-12-25 12 21 25 1983 799857.641075793 1804733.46 0 0 0 0 0 0 66880.9405234203 0 0 29361568.5623473 0 838901.958924207
1984-01-01 1 22 1 1984 584209.926327591 1438560 0 0 0 0 0 0 72605.4544940593 0 0 39930214.5785343 0 1140863.27367241
1984-01-08 1 23 8 1984 842340.924079337 719280 0 0 0 0 0 0 66075.4908753094 0 0 31013112.0572232 0 886088.915920663
1984-01-15 1 24 15 1984 795883.351145754 719280 0 0 0 0 0 0 65930.9346781588 0 0 32756609.5098986 0 935903.128854246
1984-01-22 1 25 22 1984 858021.926340781 719280 0 0 0 0 0 0 70161.2227333022 0 0 30699241.7780727 0 877121.193659219
1984-01-29 1 26 29 1984 888238.940081929 719280 0 0 0 0 0 0 66092.288690749 116537.068037893 0 29759128.6971325 0 850260.819918071
1984-02-05 2 27 5 1984 833157.910057104 719280 0 0 0 0 0 0 61634.3542573932 0 0 31804447.1480013 0 908698.489942895
1984-02-12 2 28 12 1984 622808.54218283 959040 0 0 0 0 0 0 58600.3137195001 0 0 35243602.0236009 0 1006960.05781717
1984-02-19 2 29 19 1984 521547.119609552 959040 0 0 0 0 0 0 53334.0835188346 0 0 34864678.8136657 0 996133.680390448
1984-02-26 2 30 26 1984 481641.819666533 959040 0 0 0 0 0 0 56776.3629228883 0 0 32338291.3116713 0 923951.180333467
1984-03-04 3 31 4 1984 516574.548333453 959040 0 19582.816114205 0 0 0 0 62873.8845007867 133095.514825995 0 27192572.8083291 0 776930.651666547
1984-03-11 3 32 11 1984 510403.037516861 2037960 0 17565.1729034608 0 0 0 0 63481.500887338 367384.255139721 0 23936551.1869099 0 683901.462483139
1984-03-18 3 33 18 1984 184132.193982302 2037960 0 0 0 0 0 0 29532.6584998017 0 0 31884006.2106194 0 910971.606017698
1984-03-25 3 34 25 1984 0 1935619.19483886 0 0 0 0 0 0 0 0 0 34891500 2640392.77315743 1099240.80516114
1984-04-01 4 35 1 1984 0 1508665.09739882 0 0 0 0 0 0 2398.11654125877 0 0 31416000 9686096.71760159 1426894.90260118
1984-04-08 4 36 8 1984 49190.4839566184 1918080 0 4169.27327007581 0 0 0 0 20632.5093798654 0 0 27554527.5615184 0 787272.216043382
1984-04-15 4 37 15 1984 0 1694196.92150462 0 0 0 0 0 0 0 0 0 27195000 4097060.33646537 1000883.07849538
1984-04-22 4 38 22 1984 0 1530157.42535328 0 0 0 0 0 0 0 0 0 25084500 7098983.11603489 1104622.57464672
1984-04-29 4 39 29 1984 0 794264.027404645 0 0 0 0 0 0 0 0 0 22974000 20565832.298495 1780215.97259535
1984-05-06 5 40 6 1984 0 1267861.21179026 0 41953.3408746951 0 0 0 0 55916.4024885772 0 0 24662400 4881723.6419237 995218.788209744
1984-05-13 5 41 13 1984 0 1159822.95772798 0 2801.51970253802 0 10362.3186821085 0 0 28307.0502413326 0 0 26350800 6696766.31016999 1151497.04227202
1984-05-20 5 42 20 1984 0 912252.399362032 0 0 0 0 0 0 0 0 0 28039200 10855951.6907179 1447307.60063797
1984-05-27 5 43 27 1984 0 1145894.20310585 0 0 0 0 0 0 0 0 0 29727600 6930769.38782176 1261905.79689415
1984-06-03 6 44 3 1984 0 1257066.98008588 0 0 0 0 0 0 0 0 0 31416000 6328833.41819661 1198973.01991412
1984-06-10 6 45 10 1984 0 0 0 0 0 0 0 4755.89410862781 0 0 0 31111500 5040000 1216857.75878609
1984-06-17 6 46 17 1984 0 0 0 0 0 0 0 59209.4156472725 0 0 0 30807000 5040000 1854584.09675563
1984-06-24 6 47 24 1984 0 0 0 0 0 0 0 44260.8572360905 0 0 0 30502500 5040000 2022435.02048372
1984-07-01 7 48 1 1984 0 0 0 0 0 0 0 51312.7052993748 0 0 0 30198000 6960000 2036539.05229323
1984-07-08 7 49 8 1984 0 1927828.10044535 0 0 0 0 0 0 0 0 0 29599500 31005985.087085 1914871.89955465
1984-07-15 7 50 15 1984 0 2143664.87344328 0 0 0 0 0 0 26505.5462818184 0 0 29001000 24746718.6701448 1681935.12655672
1984-07-22 7 51 22 1984 0 2198291.35288938 0 0 0 0 0 0 52630.3867095458 0 0 28402500 23162550.766208 1610208.64711062
1984-07-29 7 52 29 1984 0 2190757.46008258 0 0 0 0 0 0 54621.9342572689 0 0 27804000 23381033.6576053 1600642.53991742
1984-08-05 8 1 5 1984 0 5728.67069647461 0 0 0 0 0 0 47353.6930406345 0 0 30702000 18809515.77335 1350991.32930353
1984-08-12 8 2 12 1984 0 169148.867284994 0 0 0 0 0 0 58382.7006477675 0 0 33600000 12321733.9687858 1270371.13271501
1984-08-19 8 3 19 1984 0 195800.929196914 0 0 0 15083.6808713833 0 0 62292.9893511548 0 0 36498000 11263647.1108825 1326519.07080309
1984-08-26 8 4 26 1984 305793.563835922 479520 0 0 0 71995.6276263766 0 0 62609.2344838558 0 0 28653829.2657427 0 818680.836164078
1984-09-02 9 5 2 1984 616281.801001242 479520 0 0 0 0 0 0 81150.3523018243 0 0 20681842.9649565 0 590909.798998758
1984-09-09 9 6 9 1984 695186.033696604 179820 0 0 0 0 0 0 71059.0579172089 0 0 19430682.8206189 0 555162.366303396
1984-09-16 9 7 16 1984 698348.701979501 179820 0 0 0 0 0 0 72227.5134240184 0 0 20830477.4307175 0 595156.498020499
1984-09-23 9 8 23 1984 761321.782202846 179820 0 0 0 0 0 0 78019.9514863984 0 0 20136907.6229004 0 575340.217797154
1984-09-30 9 9 30 1984 683911.683821537 179820 0 0 0 0 0 0 65059.7587258625 0 0 24356749.0662462 0 695907.116178463
1984-10-07 10 10 7 1984 668350.579214731 359640 0 0 0 0 0 0 69002.8326347683 0 0 26109778.1274844 0 745993.660785269
1984-10-14 10 11 14 1984 669270.397391718 359640 0 0 0 0 0 0 73589.6227808495 0 0 27285974.8912899 0 779599.282608282
1984-10-21 10 12 21 1984 677844.424352483 359640 0 0 0 0 0 0 61294.9195767828 0 0 28194274.3476631 0 805550.695647517
1984-10-28 10 13 28 1984 732701.148856524 359640 0 0 0 0 1.53881438675216 0 71119.0408489841 0 0 27482679.3900216 0 785219.411143476
1984-11-04 11 14 4 1984 1046332.06869014 359640 0 0 0 0 0 0 69717.0820117363 688244.248236501 0 17713987.5958451 0 506113.931309861
1984-11-11 11 15 11 1984 85888.9514042337 3236760 0 0 0 0 0 0 66673.7151406749 0 0 49819008.7008518 0 1423400.24859577
1984-11-18 11 16 18 1984 493972.674947319 3236760 0 0 0 0 0 0 61201.695809512 0 0 34025590.3768438 0 972159.725052681
1984-11-25 11 17 25 1984 825402.895070625 3236760 0 0 0 0 0 0 64885.0187902522 258075.318191675 0 20915044.6725281 0 597572.704929375
1984-12-02 12 18 2 1984 685404.611664635 3236760 0 0 0 0 0 0 64816.9539338834 107407.504650569 0 24304496.5917378 0 694414.188335365
1984-12-09 12 19 9 1984 484127.610888221 1817800.38 0 0 0 0 0 0 67187.8453577011 0 0 34370167.6189123 0 982004.789111779
1984-12-16 12 20 16 1984 584834.739971746 1811266.92 0 0 0 0 0 0 69360.049197428 0 0 33866394.1009889 0 967611.260028254
1984-12-23 12 21 23 1984 828583.043689799 1804733.46 0 0 0 0 0 0 71565.9071433794 140745.627304876 0 28356179.470857 0 810176.556310201
1984-12-30 12 22 30 1984 1091308.67119003 1438560 0 0 0 0 0 0 73597.5007092619 534422.661960573 0 22181758.5083491 0 633764.528809975
1985-01-06 1 23 6 1985 812922.689560494 719280 0 0 0 0 0 0 67399.7336277374 0 0 32042750.2653827 0 915507.150439506
1985-01-13 1 24 13 1985 830223.575775624 719280 0 0 0 0 0 0 68353.6810700803 0 0 31554701.6478532 0 901562.904224376
1985-01-20 1 25 20 1985 846405.900062884 719280 0 0 0 0 0 0 69492.6423436509 0 0 31105802.6977991 0 888737.219937116
1985-01-27 1 26 27 1985 855144.599923225 719280 0 0 0 0 0 0 69825.4755175659 0 0 30917430.6026871 0 883355.160076775
1985-02-03 2 27 3 1985 865133.560363305 719280 0 0 0 0 0 0 71650.2565737619 0 0 30685299.3872843 0 876722.839636695
1985-02-10 2 28 10 1985 704970.194337485 959040 0 0 0 0 0 0 68695.1867902733 0 0 32367944.198188 0 924798.405662515
1985-02-17 2 29 17 1985 860525.186004333 959040 0 0 0 0 0 0 68441.6633111105 454333.139979375 0 23000446.4898483 0 657155.613995667
1985-02-24 2 30 24 1985 744208.142730808 959040 0 0 0 0 0 0 64749.7728596492 338678.805572996 0 23148470.0044217 0 661384.857269192
1985-03-03 3 31 3 1985 648625.137968344 959040 0 19926.3697957261 0 0 0 0 63843.5795452283 296865.669979775 0 22570802.171108 0 644880.062031656
1985-03-10 3 32 10 1985 739701.728472818 2037960 0 27960.1218853439 21914.6941492312 0 0 0 71418.2879889189 790704.167473697 0 15911097.0034514 0 454602.771527182
1985-03-17 3 33 17 1985 639843.8667163 2037960 0 22268.2970728773 22689.1565459807 0 0 0 66524.9423531101 841962.094068639 0 15934097.6649295 0 455259.9332837
1985-03-24 3 34 24 1985 236229.07421392 2037960 0 0 146.643704172748 0 0 0 43296.2214725806 224818.274603909 0 26588590.9025128 0 759674.02578608
1985-03-31 3 35 31 1985 132958.176200758 2037960 0 0 0 0 0 0 39314.0822663923 0 0 26731047.8329735 0 763744.223799242
1985-04-07 4 36 7 1985 294959.673607025 1918080 0 26007.7395941659 27595.8639622433 10290.8782939637 0 0 49033.4931752647 172736.03782825 0 18952605.9237541 0 541503.026392975
1985-04-14 4 37 14 1985 0 1688493.35301235 0 0 0 0 0 0 20020.978216443 0 0 27195000 4201435.63987402 1006586.64698765
1985-04-21 4 38 21 1985 0 1280045.54837528 0 0 0 0 0 0 0 0 0 25084500 11676030.4647325 1354734.45162472
1985-04-28 4 39 28 1985 0 803573.285388124 0 0 0 0 0 0 0 0 0 22974000 20395472.8773973 1770906.71461188
1985-05-05 5 40 5 1985 0 1008532.46830398 0 1266.00759263706 0 0 0 0 31248.2048826744 0 0 24662400 9238446.53249313 1254547.53169602
1985-05-12 5 41 12 1985 0 796202.270332555 0 0 0 0 0 0 0 0 0 26350800 12805593.8584131 1515117.72966744
1985-05-19 5 42 19 1985 0 801284.10478665 0 0 0 0 0 0 0 0 0 28039200 12720219.0395843 1558275.89521335
1985-05-26 5 43 26 1985 0 909145.265979134 0 0 0 0 0 0 0 0 0 29727600 10908151.5315505 1498654.73402087
1985-06-02 6 44 2 1985 0 820099.811609367 0 0 0 0 0 0 0 0 0 31416000 15505143.9562033 1635940.18839063
1985-06-09 6 45 9 1985 0 0 0 0 0 0 0 10170.6547593925 0 0 0 31111500 5040000 2111801.77464878
1985-06-16 6 46 16 1985 0 0 0 0 0 0 0 0 16494.4532063077 0 0 30807000 5040000 2149163.49535742
1985-06-23 6 47 23 1985 0 0 0 0 0 0 0 0 55591.4239026563 0 0 30502500 5040000 1603049.80886588
1985-06-30 6 48 30 1985 0 0 0 0 0 0 0 0 67406.0455987704 0 0 30198000 5040000 1654317.83426585
1985-07-07 7 49 7 1985 0 2194371.46625641 0 0 0 0 0 0 71746.216584407 0 0 29599500 23276227.4785641 1648328.53374359
1985-07-14 7 50 14 1985 0 2583755.83527833 0 0 0 51441.7014226764 0 0 74252.3109889066 0 0 29001000 11984080.7769285 1241844.16472167
1985-07-21 7 51 21 1985 0 2757506.13393058 0 0 0 56691.2282118764 0 0 76260.3739236643 0 0 28402500 6945322.11601332 1050993.86606942
1985-07-28 7 52 28 1985 5017.95896748803 2997000 0 24350.5890341059 0 85028.7239488024 0 0 78096.8047561561 0 0 27600567.4361379 0 788587.641032512
1985-08-04 8 1 4 1985 357440.078052323 479520 0 31191.1455746922 0 119145.989695554 1.7354543057063 0 87426.9136642714 0 0 18160895.2681687 0 518882.721947677
1985-08-11 8 2 11 1985 385506.681473437 479520 0 26126.2500710938 0 109906.699428419 3.83520398590986 0 78647.581750582 0 0 20073666.1484297 0 573533.318526563
1985-08-18 8 3 18 1985 433160.720767183 479520 0 26924.6661843008 0 109956.890213364 7.68014068641924 0 80947.2371256899 0 0 21300876.7731486 0 608596.479232817
1985-08-25 8 4 25 1985 517467.504328858 479520 0 29500.6880153759 0 111119.163247694 4.56409694716081 0 84521.6878552792 0 0 21245241.34849 0 607006.895671142
1985-09-01 9 5 1 1985 551315.497363348 479520 0 0 0 0 3.92329321839725 0 84967.0909619101 0 0 22955663.5922828 0 655876.102636652
1985-09-08 9 6 8 1985 643803.233241781 179820 0 0 0 0 2.99051852991875 0 86118.8416152306 0 0 21229080.8365377 0 606545.166758219
1985-09-15 9 7 15 1985 619210.027248214 179820 0 0 0 0 9.10635492379015 0 83229.3093454659 0 0 23600331.0463125 0 674295.172751785
1985-09-22 9 8 22 1985 664554.108291945 179820 0 0 0 0 11.0849761199333 0 73553.3890016631 0 0 23523776.2097819 0 672107.891708055
1985-09-29 9 9 29 1985 744414.486312188 179820 0 0 0 0 7.53711433371336 0 72954.4558105301 0 0 22239150.9790734 0 635404.313687812
1985-10-06 10 10 6 1985 674657.06292688 359640 0 0 0 0 6.76637418954328 0 79250.4444596183 0 0 25889051.1975592 0 739687.17707312
1985-10-13 10 11 13 1985 652410.574454518 359640 0 0 0 0 9.48751002834138 0 75011.4995248939 0 0 27876068.6940919 0 796459.105545482
1985-10-20 10 12 20 1985 693728.75419719 359640 0 0 0 0 11.9650126013657 0 70960.1647915448 0 0 27638322.8030984 0 789666.365802811
1985-10-27 10 13 27 1985 700841.527462229 359640 0 0 0 0 15.5727702341721 0 71067.3111977752 0 0 28597766.138822 0 817079.032537771
1985-11-03 11 14 3 1985 1064756.56921821 359640 0 0 0 0 0 0 60201.9378440708 966856.564567136 0 17069130.0773628 0 487689.430781795
1985-11-10 11 15 10 1985 143064.155442664 3236760 0 0 0 0 0 0 69995.0160244388 0 0 47817876.5595067 0 1366225.04455734
1985-11-17 11 16 17 1985 603937.811716054 3236760 0 0 0 0 0 0 73634.7001130889 271713.228718485 0 30176810.5899381 0 862194.588283946
1985-11-24 11 17 24 1985 974839.46728951 3236760 0 0 0 0 0 0 80001.7935291566 1123643.48773811 0 15684764.6448671 0 448136.13271049
1985-12-01 12 18 1 1985 742457.439239648 3236760 0 0 0 0 0 0 81128.0878093354 883496.208833515 0 22307647.6266123 0 637361.360760352
1985-12-08 12 19 8 1985 455504.965206472 1817800.38 0 0 0 0 0 0 76682.7069935645 0 0 35371960.2177735 0 1010627.43479353
1985-12-15 12 20 15 1985 544524.192534871 1811266.92 0 0 0 0 0 0 77093.7055926512 0 0 35277263.2612795 0 1007921.80746513
1985-12-22 12 21 22 1985 807348.848657965 1804733.46 0 0 0 0 0 0 78273.706511708 442640.872887162 0 29099376.2969712 0 831410.751342035
1985-12-29 12 22 29 1985 1093185.79182856 1438560 0 0 0 0 0 0 78720.2609449323 848540.857563523 0 22116059.2860004 0 631887.40817144
1986-01-05 1 23 5 1986 927025.945874455 719280 0 0 0 0 0 0 77370.9483837841 451471.418619982 0 28049136.2943941 0 801403.894125545
1986-01-12 1 24 12 1986 921431.862553769 719280 0 0 0 0 0 0 77162.0811932454 382744.052078858 0 28362411.6106181 0 810354.61744623
1986-01-19 1 25 19 1986 866560.106522123 719280 0 0 0 0 0 0 71472.3438547647 119666.238614685 0 30400405.4717257 0 868583.013477877
1986-01-26 1 26 26 1986 747850.244475991 719280 0 0 0 0 0 0 62511.9037454285 0 0 34672733.0433403 0 990649.515524009
1986-02-02 2 27 2 1986 827628.288167456 719280 0 0 0 0 0 0 68719.2874349095 0 0 31997983.914139 0 914228.111832544
1986-02-09 2 28 9 1986 663994.48377306 959040 0 0 0 0 0 0 43684.7544007257 0 0 33802094.0679429 0 965774.11622694
1986-02-16 2 29 16 1986 776438.889421499 959040 0 0 0 0 0 0 57535.5355759083 410613.580364616 0 25943466.8702475 0 741241.910578501
1986-02-23 2 30 23 1986 489343.481333608 959040 0 0 2573.54592203739 0 0 0 16556.1596233593 448401.945013369 0 32068733.1533237 0 916249.518666391
1986-03-02 3 31 2 1986 268176.343977874 959040 0 0 0 0 0 0 0 0 0 35886509.9607744 0 1025328.85602213
1986-03-09 3 32 9 1986 0 1831616.92695937 0 0 0 0 0 0 0 0 0 41842500 5323651.28444828 1401843.07304063
1986-03-16 3 33 16 1986 0 1757687.32701936 0 0 0 0 0 0 0 0 0 38367000 7231034.96290042 1376472.67298064
1986-03-23 3 34 23 1986 0 1752391.04524436 0 0 0 0 0 0 8780.45059281279 0 0 34891500 7367679.03269549 1282468.95475564
1986-03-30 3 35 30 1986 0 1778096.93964248 0 0 0 0 0 0 21545.6088388975 0 0 31416000 6704466.95722406 1157463.06035752
1986-04-06 4 36 6 1986 0 1075567.01068773 0 0 0 0 0 0 0 0 0 29305500 15417987.7044146 1679812.98931227
1986-04-13 4 37 13 1986 0 1302733.98749258 0 0 0 0 0 0 0 0 0 27195000 11260832.0288858 1392346.01250742
1986-04-20 4 38 20 1986 0 1241164.5414623 0 0 0 0 0 0 0 0 0 25084500 12387552.8912399 1393615.4585377
1986-04-27 4 39 27 1986 0 1336265.65403981 0 0 0 0 0 0 0 0 0 22974000 10647202.5310716 1238214.34596019
1986-05-04 5 40 4 1986 0 910846.419999202 0 0 0 0 0 0 17638.8968496577 0 0 24662400 10879572.1440134 1352233.5800008
1986-05-11 5 41 11 1986 0 860718.484841349 0 0 0 0 0 0 0 0 0 26350800 11721721.4546653 1450601.51515865
1986-05-18 5 42 18 1986 0 813624.042461568 0 0 0 0 0 0 0 0 0 28039200 12512908.0866457 1545935.95753843
1986-05-25 5 43 25 1986 0 951951.283111866 0 0 0 0 0 0 0 0 0 29727600 10189010.4437206 1455848.71688813
1986-06-01 6 44 1 1986 0 927990.918438559 0 0 0 0 0 0 0 0 0 31416000 13239430.7127903 1528049.08156144
1986-06-08 6 45 8 1986 0 126133.385817217 0 0 0 0 0 0 0 0 0 31111500 2386158.89783843 1002526.61418278
1986-06-15 6 46 15 1986 0 0 0 0 0 0 0 66488.3545417057 0 0 0 30807000 5040000 2025862.9191133
1986-06-22 6 47 22 1986 0 0 0 0 0 0 0 0 24805.1424655171 0 0 30502500 5040000 1980614.60736438
1986-06-29 6 48 29 1986 0 0 0 0 0 0 0 0 54289.0107854809 0 0 30198000 5040000 1697705.92213305
1986-07-06 7 49 6 1986 0 2182691.31571397 0 0 0 0 0 0 68010.4822571032 0 0 29599500 23614951.8442949 1660008.68428603
1986-07-13 7 50 13 1986 0 2402367.03389542 0 0 0 0 0 0 64486.8956345858 0 0 29001000 17244356.0170328 1423232.96610458
1986-07-20 7 51 20 1986 0 2167209.85492544 0 0 0 0 0 0 69183.3864042545 0 0 28402500 24063914.2071624 1641290.14507456
1986-07-27 7 52 27 1986 0 2833496.06501819 0 8954.54424832784 0 64774.7175228671 0 0 76260.2525357828 0 0 27804000 4741614.11447255 957903.934981812
1986-08-03 8 1 3 1986 269282.324555754 479520 0 18464.5501002888 0 117924.97756027 0.709178452191509 0 82372.3382743425 0 0 21246416.6405486 0 607040.475444246
1986-08-10 8 2 10 1986 390175.818123769 479520 0 24926.3640992253 0 117237.541552584 1.32582454735416 0 84805.9303101939 0 0 19910246.3656681 0 568864.181876231
1986-08-17 8 3 17 1986 504572.346883374 479520 0 34274.1855558792 0 124163.281486533 3.6228253615925 0 87236.6278971845 0 0 18801469.8590819 0 537184.853116626
1986-08-24 8 4 24 1986 532961.792728388 479520 0 34041.8721751493 0 114027.515881586 2.56132614149669 0 87369.4642139477 0 0 20702941.2545064 0 591512.607271612
1986-08-31 8 5 31 1986 581184.954681381 479520 0 34113.6639722178 0 110608.098848385 3.59292044910057 0 87732.4328642699 0 0 21910232.5861517 0 626006.645318619
1986-09-07 9 6 7 1986 609352.397058669 179820 0 0 0 0 6.52269961639922 0 84273.0272219845 0 0 22434860.1029466 0 640996.002941331
1986-09-14 9 7 14 1986 691558.621122087 179820 0 0 0 0 11.4635923167775 0 86076.1021432043 0 0 21068130.260727 0 601946.578877913
1986-09-21 9 8 21 1986 697998.941171526 179820 0 0 0 0 14.3393966535896 0 83411.5742705218 0 0 22353207.0589966 0 638663.058828474
1986-09-28 9 9 28 1986 709625.542489959 179820 0 0 0 0 14.9147689915571 0 72026.8807938924 0 0 23456764.0128514 0 670193.257510041
1986-10-05 10 10 5 1986 645759.010885596 359640 0 0 0 0 17.1992675793342 0 64841.3433879338 0 0 26900483.0190041 0 768585.229114404
1986-10-12 10 11 12 1986 696231.688585469 359640 0 0 0 0 16.3832988217896 0 72532.5222651161 0 0 26342329.6995086 0 752637.991414531
1986-10-19 10 12 19 1986 725384.023362789 359640 0 0 0 0 18.3617120821227 0 78621.7503931802 0 0 26530388.3823024 0 758011.096637211
1986-10-26 10 13 26 1986 758595.937661618 359640 0 0 0 0 20.7216902491673 0 81128.3423433852 0 0 26576361.7818434 0 759324.622338383
1986-11-02 11 14 2 1986 1080469.01215964 359640 0 0 0 0 0 0 78517.6634799906 875995.15184943 0 16519194.5744126 0 471976.987840359
1986-11-09 11 15 9 1986 367062.264243156 3236760 0 0 0 0 0 0 76407.4573331565 0 0 39977942.7514895 0 1142226.93575684
1986-11-16 11 16 16 1986 819469.008166546 3236760 0 0 0 0 0 0 78014.1361494748 0 0 22633218.7141709 0 646663.391833454
1986-11-23 11 17 23 1986 969808.425867651 3236760 0 0 0 0 0 0 78766.7474857084 572002.403392439 0 15860851.0946322 0 453167.174132349
1986-11-30 11 18 30 1986 889354.283034122 3236760 0 0 0 0 0 0 71626.2074419163 531590.606084067 0 17166258.0938057 0 490464.516965878
1986-12-07 12 19 7 1986 481812.26129554 1817800.38 0 0 0 0 0 0 73065.312700346 0 0 34451204.8546561 0 984320.13870446
1986-12-14 12 20 14 1986 611294.050893088 1811266.92 0 0 0 0 0 0 78381.4043056701 0 0 32940318.2187419 0 941151.949106912
1986-12-21 12 21 21 1986 858667.590078174 1804733.46 0 0 0 0 0 0 79749.0018632553 0 0 27303220.3472639 0 780092.009921826
1986-12-28 12 22 28 1986 1063278.25928389 1438560 0 0 0 0 0 0 79278.2335030081 246906.470551759 0 23162822.9250637 0 661794.940716106
1987-01-04 1 23 4 1987 756762.545069139 719280 0 0 0 0 0 0 74421.8570147064 0 0 34008355.3225801 0 971667.294930861
1987-01-11 1 24 11 1987 813090.744846725 719280 0 0 0 0 0 0 71127.4846505122 0 0 32154350.7303646 0 918695.735153275
1987-01-18 1 25 18 1987 978939.746090142 719280 0 0 0 0 0 0 73756.1639818191 0 0 26467118.086845 0 756203.373909858
1987-01-25 1 26 25 1987 1001767.73903412 719280 0 0 0 0 0 0 75182.0286744825 0 0 25785620.7338057 0 736732.020965877
1987-02-01 2 27 1 1987 971792.953289481 719280 0 0 0 0 0 0 72006.0169779741 0 0 26952220.6348682 0 770063.446710519
1987-02-08 2 28 8 1987 716169.780412496 959040 0 0 0 0 0 0 64108.836170126 0 0 31975958.6855626 0 913598.819587504
1987-02-15 2 29 15 1987 870451.785306657 959040 0 0 0 0 0 0 64547.4833538942 0 0 22653015.514267 0 647229.014693343
1987-02-22 2 30 22 1987 815716.03634671 959040 0 0 7011.57934943664 0 0 0 56221.211677552 0 0 20645693.7278652 0 589876.96365329
1987-03-01 3 31 1 1987 798059.040899146 959040 0 21738.9848625179 16952.9784050735 0 0 0 66630.4629089091 249785.982599044 0 17340615.5685299 0 495446.159100854
1987-03-08 3 32 8 1987 727385.460662274 2037960 0 24303.9434942163 25248.3295040428 0 0 0 73660.3832935796 616465.530325987 0 16342166.3768204 0 466919.039337726
1987-03-15 3 33 15 1987 257828.989400321 2037960 0 0 0 0 0 0 43598.2678674331 0 0 29304618.3709888 0 837274.810599679
1987-03-22 3 34 22 1987 206631.466390832 2037960 0 4530.08892797558 0 0 0 0 49193.6313058962 0 0 27624507.1763209 0 789271.633609168
1987-03-29 3 35 29 1987 171241.855716061 2037960 0 15359.4219416608 0 0 0 0 58749.9398410661 0 0 25391119.0499379 0 725460.544283939
1987-04-05 4 36 5 1987 194453.66477894 1918080 0 41931.4875102017 0 0 0 0 64376.4721705558 0 0 22470316.2327371 0 642009.03522106
1987-04-12 4 37 12 1987 0 1649918.40538539 0 5648.16072970406 0 0 0 0 30790.8304221142 0 0 27195000 4907357.18144736 1045161.59461461
1987-04-19 4 38 19 1987 0 1851898.68191426 0 12117.2608501896 0 0 0 0 40039.4485949265 0 0 25084500 1211118.12096896 782881.318085736
1987-04-26 4 39 26 1987 0 1480366.66793302 0 0 0 0 0 0 32756.3434262228 0 0 22974000 8010153.97682582 1094113.33206698
1987-05-03 5 40 3 1987 0 962625.734980202 0 0 0 13873.2013788583 0 0 34571.7665023115 0 0 24662400 10009679.6523326 1300454.2650198
1987-05-10 5 41 10 1987 0 828775.444915816 0 0 0 0 0 0 12246.416946454 0 0 26350800 12258364.5254143 1482544.55508418
1987-05-17 5 42 17 1987 0 863354.867484948 0 0 0 0 0 0 37223.9884427178 0 0 28039200 11677430.2262529 1496205.13251505
1987-05-24 5 43 24 1987 0 829184.002787611 0 29399.6709617839 0 0 0 0 66387.5351448509 0 0 29727600 12251500.7531681 1578615.99721239
1987-05-31 5 44 31 1987 0 1217668.77428005 0 33334.911888649 0 0 0 0 61564.6089022956 0 0 31416000 5724956.59209517 1238371.22571995
1987-06-07 6 45 7 1987 0 0 0 0 0 0 0 0 47891.5171475249 0 0 31111500 5040000 1571181.58477737
1987-06-14 6 46 14 1987 0 0 0 0 0 0 0 0 56002.1743734268 0 0 30807000 5040000 1373507.6327756
1987-06-21 6 47 21 1987 0 0 0 1874.2339666504 0 0 0 0 60786.124151094 0 0 30502500 5040000 1532310.61662115
1987-06-28 6 48 28 1987 0 0 0 15378.4384353822 0 0 0 0 68876.2288093433 0 0 30198000 5040000 1219634.95330585
1987-07-05 7 49 5 1987 0 2521967.48613546 0 26258.5394761821 0 0 0 0 81042.1269422217 0 0 29599500 13775942.9020716 1320732.51386454
1987-07-12 7 50 12 1987 0 2986279.37275681 0 26504.8373173316 0 99664.1914511258 0 0 80419.9276186612 0 0 29001000 310898.190052586 839320.627243193
1987-07-19 7 51 19 1987 0 2914817.54153156 0 24784.1716716347 0 38333.0442435512 4.33334592322262 0 79135.5077556535 0 0 28402500 2383291.2955849 893682.458468445
1987-07-26 7 52 26 1987 0 2891284.78266026 0 22580.3980156099 0 78267.5978229442 4.89325100153496 0 78500.2822395846 0 0 27804000 3065741.30285236 900115.217339736
1987-08-02 8 1 2 1987 268907.453754166 479520 0 28105.7290337447 0 117050.693155386 6.22713823071354 0 78412.78076245 0 0 21259537.1186042 0 607415.346245834
1987-08-09 8 2 9 1987 373823.173411538 479520 0 29294.1470848795 0 114890.37393348 0.613922015040316 0 83245.4539515392 0 0 20482588.9305962 0 585216.826588462
1987-08-16 8 3 16 1987 469808.880214891 479520 0 30315.421505591 0 101524.057169177 1.52276918595703 0 84550.292154461 0 0 20018191.1924788 0 571948.319785109
1987-08-23 8 4 23 1987 491037.170674841 479520 0 30239.5270264215 0 124647.526086446 2.59490912090837 0 84767.0215787732 0 0 22170303.0263806 0 633437.229325159
1987-08-30 8 5 30 1987 584610.174520664 479520 0 30003.6529204114 0 92811.7972398123 0 0 84220.7582853171 0 0 21790349.8917768 0 622581.425479336
1987-09-06 9 6 6 1987 640346.048200122 179820 0 0 0 0 0 0 86854.8791095992 0 0 21350082.3129957 0 610002.351799878
1987-09-13 9 7 13 1987 662644.017521066 179820 0 0 0 0 2.75698357936517 0 86143.8032249153 0 0 22080141.3867627 0 630861.182478934
1987-09-20 9 8 20 1987 689076.949079328 179820 0 0 0 0 6.20652139718572 0 85284.1290111809 0 0 22665476.7822235 0 647585.050920672
1987-09-27 9 9 27 1987 730264.074647625 179820 0 0 0 0 11.6986056096669 0 87605.632890903 0 0 22734415.3873331 0 649554.725352375
1987-10-04 10 10 4 1987 650344.352616727 359640 0 0 0 0 14.8902309316127 0 84538.4523293922 0 0 26739996.0584146 0 763999.887383273
1987-10-11 10 11 11 1987 722442.061438185 359640 0 0 0 0 20.1164827444268 0 86229.2451203219 0 0 25424966.6496635 0 726427.618561815
1987-10-18 10 12 18 1987 741296.528303922 359640 0 0 0 0 22.9263728358735 0 86608.8721797578 0 0 25973450.7093627 0 742098.591696078
1987-10-25 10 13 25 1987 867101.376562372 359640 0 0 0 0 27.4261178685379 0 87303.6522374726 0 0 22778671.420317 0 650819.183437629
1987-11-01 11 14 1 1987 1214707.99556941 359640 0 0 0 0 0 0 87759.2282037973 954985.635463725 0 11820830.1550705 0 337738.004430585
1987-11-08 11 15 8 1987 538335.552974271 3236760 0 0 0 0 0 0 86814.8477687721 0 0 33983377.6459005 0 970953.647025729
1987-11-15 11 16 15 1987 933926.108024049 3236760 0 0 0 0 0 0 89133.4688514008 521823.365514852 0 18627220.2191583 0 532206.291975951
1987-11-22 11 17 22 1987 946048.081244216 3236760 0 0 0 0 0 0 80107.5546700527 676787.229190859 0 16692463.1564524 0 476927.518755784
1987-11-29 11 18 29 1987 935482.944919172 3236760 0 0 0 0 0 0 82514.3944520288 635217.272045863 0 15551754.927829 0 444335.855080828
1987-12-06 12 19 6 1987 610424.348256787 1817800.38 0 0 0 0 0 0 86481.7499062982 0 0 29949781.8110124 0 855708.051743213
1987-12-13 12 20 13 1987 702773.101069983 1811266.92 0 0 0 0 0 0 82285.2703906036 0 0 29738551.4625506 0 849672.898930017
1987-12-20 12 21 20 1987 884530.509550968 1804733.46 0 0 0 0 0 0 82280.1868594378 0 0 26398018.1657161 0 754229.090449032
1987-12-27 12 22 27 1987 1348373.30540347 1438560 0 0 24244.5532965411 0 0 0 86943.371832572 737502.810602836 0 13184496.3108785 0 376699.894596527
1988-01-03 1 23 3 1988 1107397.16456628 719280 0 0 0 0 0 0 86480.9740513851 289637.796837926 0 21736143.6401801 0 621032.675433718
1988-01-10 1 24 10 1988 1114312.88959894 719280 0 0 0 0 0 0 85977.1152800113 299816.389176595 0 21611575.6640373 0 617473.590401065
1988-01-17 1 25 17 1988 1112189.9758857 719280 0 0 0 0 0 0 86848.8561240165 250579.464869381 0 21803360.0440005 0 622953.144114299
1988-01-24 1 26 24 1988 965861.871572 719280 0 0 0 0 0 0 74566.6651748745 0 0 27042326.09498 0 772637.888428
1988-01-31 1 27 31 1988 1018944.33515203 719280 0 0 0 0 0 0 78355.5158166079 0 0 25301922.2696789 0 722912.064847967
1988-02-07 2 28 7 1988 987116.359589251 959040 0 0 0 0 0 0 73110.573530935 170674.688952879 0 22492828.4143762 0 642652.240410749
1988-02-14 2 29 14 1988 1056980.82239362 959040 0 0 22313.9966525848 0 0 0 74620.070149296 513572.994926143 0 16124499.2162232 0 460699.977606376
1988-02-21 2 30 21 1988 871225.387476426 959040 0 0 14425.1188840071 0 0 0 66464.1294659096 396148.421802764 0 18702866.4383251 0 534367.612523573
1988-02-28 2 31 28 1988 802164.006629691 959040 0 0 16623.8494668176 0 0 0 72224.4868327689 303970.163078389 0 17196941.7679608 0 491341.193370308
1988-03-06 3 32 6 1988 722690.892669445 2037960 0 22754.6848443366 26405.2000238741 0 0 0 69454.9886665271 457553.136614992 0 16506476.2565694 0 471613.607330555
1988-03-13 3 33 13 1988 611369.446223389 2037960 0 24013.8315089044 24648.0395276308 0 0 0 67211.2421902598 372208.995955411 0 16930702.3821814 0 483734.353776611
1988-03-20 3 34 20 1988 570510.062454302 2037960 0 31114.0530670573 27757.2297947393 0 0 0 74648.0698850777 517616.421190104 0 14888756.3140994 0 425393.037545698
1988-03-27 3 35 27 1988 392990.725482989 2037960 0 15506.9678526437 29825.6420123712 0 0 0 65556.9057787757 550191.324867952 0 17629908.6080954 0 503711.674517011
1988-04-03 4 36 3 1988 262700.472904311 1918080 0 44040.1265036676 15587.2788614946 7119.1833413835 0 0 60687.4821715871 767300.01071277 0 20081677.9483491 0 573762.227095689
1988-04-10 4 37 10 1988 274480.565588935 1918080 0 48007.1529429843 19737.4444337653 18768.9930776545 0 0 67329.309134533 925966.746654779 0 17560985.2043873 0 501742.434411065
1988-04-17 4 38 17 1988 148266.068824138 1918080 0 36790.7951832725 7427.42779080933 8093.94647988219 0 0 66162.8525584746 906171.702038088 0 19870103.0911552 0 567717.231175862
1988-04-24 4 39 24 1988 0 1592850.61878926 0 0 0 0 0 0 5887.30238270487 1052960.24558347 0 22974000 5951697.67615655 981629.38121074
1988-05-01 5 40 1 1988 0 925753.488436485 0 10155.5206684964 0 0 0 0 30171.3892359918 0 0 24662400 10629133.394267 1337326.51156351
1988-05-08 5 41 8 1988 0 1067575.56599845 0 18964.809950434 0 0 0 0 37000.3894112659 0 0 26350800 8246522.49122609 1243744.43400155
1988-05-15 5 42 15 1988 0 1104381.12444129 0 5058.04910100425 0 43003.34731969 0 0 43057.0035601284 0 0 28039200 7628189.10938636 1255178.87555871
1988-05-22 5 43 22 1988 0 1010772.24859585 0 0 0 0 0 0 25963.1740445059 0 0 29727600 9200818.22358967 1397027.75140415
1988-05-29 5 44 29 1988 0 1078727.61970325 0 0 0 0 0 0 31185.4034686607 0 0 31416000 8059167.98898536 1377312.38029675
1988-06-05 6 45 5 1988 0 75009.76113058 0 0 0 16517.2889814267 0 0 2028.56735475954 0 0 31111500 3459755.01625782 1053650.23886942
1988-06-12 6 46 12 1988 0 0 0 0 0 0 0 0 25055.4891494866 0 0 30807000 5040000 1198693.65334196
1988-06-19 6 47 19 1988 0 0 0 0 0 0 0 0 61977.21371155 0 0 30502500 5040000 1296676.28759621
1988-06-26 6 48 26 1988 0 0 0 1179.03897680162 0 0 0 0 72339.9287702718 0 0 30198000 5040000 1542907.88801497
1988-07-03 7 49 3 1988 0 2394274.59357836 0 15190.7969288019 0 0 0 0 72079.6448816102 0 0 29599500 17479036.7862277 1448425.40642164
1988-07-10 7 50 10 1988 0 2777552.5411657 0 23291.9916855356 0 45917.2054332954 0 0 76726.4747626903 0 0 29001000 6363976.30619474 1048047.4588343
1988-07-17 7 51 17 1988 0 2972752.96501418 0 26236.6129486377 0 74428.8311582995 0 0 80200.8052331707 0 0 28402500 703164.014588836 835747.034985822
1988-07-24 7 52 24 1988 0 2901418.1600816 0 27481.724164473 0 68639.734668212 1.43443333940354 0 80993.9533885831 0 0 27804000 2771873.35763346 889981.839918395
1988-07-31 7 52 31 1988 39781.5398687483 2997000 0 28374.129837501 0 92289.1276357911 0 0 82819.1718334459 0 0 26383842.1045938 0 753824.060131252
1988-08-07 8 1 7 1988 330281.530795506 479520 0 34369.9043032035 0 114885.433394972 0.067527810341744 0 88732.5164899098 0 0 19111444.4221573 0 546041.269204494
1988-08-14 8 2 14 1988 420830.295082039 479520 0 40582.3499724357 0 121364.950587063 2.50508259761182 0 95011.4000380218 0 0 18837339.6721286 0 538209.704917961
1988-08-21 8 3 21 1988 503353.504051715 479520 0 41895.5236864263 0 111162.403097517 2.88570427522882 0 96427.8506040241 0 0 18844129.35819 0 538403.695948285
1988-08-28 8 4 28 1988 555479.160463005 479520 0 42633.9384470494 0 117641.522268236 5.63678413636899 0 96638.408056984 0 0 19914833.3837948 0 568995.239536995
1988-09-04 9 5 4 1988 574822.507508609 479520 0 2096.77418019221 0 0 6.5558527331159 0 97345.1759834887 0 0 22132918.2371987 0 632369.092491391
1988-09-11 9 6 11 1988 666344.718163691 179820 0 0 0 0 10.5409020386378 0 95375.5977542712 0 0 20440128.8642708 0 584003.681836309
1988-09-18 9 7 18 1988 686980.006208147 179820 0 0 0 0 16.5171203846223 0 92728.8567720828 0 0 21228381.7827149 0 606525.193791853
1988-09-25 9 8 25 1988 687553.776097775 179820 0 0 0 0 20.6446061631955 0 91520.8219899716 0 0 22718787.8365779 0 649108.223902225
1988-10-02 10 9 2 1988 743951.219472278 179820 0 0 0 0 25.9670686969096 0 88337.1243489516 0 0 22255365.3184703 0 635867.580527722
1988-10-09 10 10 9 1988 700578.503109698 359640 0 0 0 0 29.9755278961795 0 85787.8787347198 0 0 24981800.7911606 0 713765.736890302
1988-10-16 10 11 16 1988 726597.030417817 359640 0 0 0 0 32.6684550833925 0 87063.9146434175 0 0 25279542.7353764 0 722272.649582183
1988-10-23 10 12 23 1988 665426.754433086 359640 0 0 0 0 37.7838871161648 0 82661.4597444548 0 0 28628892.794842 0 817968.365566914
1988-10-30 10 13 30 1988 811073.230030872 359640 0 0 0 0 43.223320539664 0 84934.7295474099 0 0 24739656.5489195 0 706847.329969128
1988-11-06 11 14 6 1988 1257538.81965657 359640 0 0 0 1102.96742223187 0 0 90040.2082622048 1393239.32817666 0 10321751.3120202 0 294907.180343434
1988-11-13 11 15 13 1988 445507.160667996 3236760 0 0 0 0 0 0 80383.6919179261 0 0 37232371.3766201 0 1063782.039332
1988-11-20 11 16 20 1988 896316.205032536 3236760 0 0 0 0 0 0 85172.487897413 351145.9785831 0 19943566.8238612 0 569816.194967464
1988-11-27 11 17 27 1988 1016740.40520158 3236760 0 0 0 0 0 0 84504.4894157293 1046724.84103353 0 14218231.8179448 0 406235.194798424
1988-12-04 12 18 4 1988 798370.565485175 3236760 0 0 0 0 0 0 83995.6000770008 757681.38024432 0 20350688.2080189 0 581448.234514825
1988-12-11 12 19 11 1988 609366.194911398 1817800.38 0 0 0 0 0 0 85980.7112290629 285928.003336932 0 29986817.1781011 0 856766.205088602
1988-12-18 12 20 18 1988 709041.187028022 1811266.92 0 0 0 0 0 0 86645.5787051861 314545.811152628 0 29519168.4540192 0 843404.812971978
1988-12-25 12 21 25 1988 1075188.50296007 1804733.46 0 0 0 0 0 0 86695.2933536973 885259.674538156 0 19724988.3963977 0 563571.097039933
1989-01-01 1 22 1 1989 1017600.61714351 1438560 0 0 0 0 0 0 86887.5882100449 571962.957983949 0 24761540.3999772 0 707472.582856491
1989-01-08 1 23 8 1989 1246242.92984453 719280 0 0 5903.64254509514 0 0 0 85985.2884501809 1017170.33209219 0 16876541.8554413 0 482186.910155465
1989-01-15 1 24 15 1989 1212038.86293465 719280 0 0 0 0 0 0 86697.5811503062 806560.27457051 0 18191166.5972872 0 519747.617065348
1989-01-22 1 25 22 1989 1201060.47679571 719280 0 0 1654.58754651078 0 0 0 80325.2655990882 836947.843942841 0 18692892.5121502 0 534082.643204291
1989-01-29 1 26 29 1989 1153546.47474371 719280 0 0 0 0 0 0 81492.891591972 584752.678382966 0 20473364.9839703 0 584953.285256293
1989-02-05 2 27 5 1989 1035773.92962607 719280 0 0 0 0 0 0 81776.2725204048 336092.24930538 0 24712886.4630876 0 706082.470373932
1989-02-12 2 28 12 1989 962306.397484186 959040 0 0 0 0 0 0 72096.2796373324 372673.027181122 0 23361177.0880535 0 667462.202515814
1989-02-19 2 29 19 1989 938266.79184804 959040 0 0 0 0 0 0 75291.6617214881 674049.432699609 0 20279490.2853186 0 579414.00815196
1989-02-26 2 30 26 1989 854738.682664204 959040 0 0 6727.53325112411 0 0 0 72670.8178595771 762749.074212944 0 19279901.1067529 0 550854.317335796
1989-03-05 3 31 5 1989 891372.169340848 959040 0 30989.0008550923 28541.1703163823 0 0 0 74424.7655816815 980662.304412034 0 14074656.0730703 0 402133.030659152
1989-03-12 3 32 12 1989 865789.287986306 2037960 0 32044.3627851978 40053.0263932785 0 0 0 76782.1398210971 1120039.60548344 0 11498032.4204793 0 328515.212013694
1989-03-19 3 33 19 1989 347498.204114399 2037960 0 0 24539.8687847306 0 0 0 6522.16418768857 0 0 26166195.855996 0 747605.595885601
1989-03-26 3 34 26 1989 441006.21839245 2037960 0 4003.92498421685 21377.1623332807 0 0 0 41338.2103265761 0 0 19421390.8562642 0 554896.88160755
1989-04-02 4 35 2 1989 213078.242581341 2037960 0 19037.5371345746 12870.5028783788 0 0 0 40900.822600469 303902.409642557 0 23926845.5096531 0 683624.157418659
1989-04-09 4 36 9 1989 165832.239249173 1918080 0 19617.8813807577 8245.66507092819 0 0 0 35238.5064603182 245048.734146718 0 23472066.1262789 0 670630.460750827
1989-04-16 4 37 16 1989 0 1737766.07963599 0 0 0 0 0 0 7696.60880133417 0 0 27195000 3299744.74266131 957313.920364006
1989-04-23 4 38 23 1989 0 1380946.68646716 0 0 0 0 0 0 0 0 0 25084500 9829539.63765106 1253833.31353284
1989-04-30 4 39 30 1989 0 507365.78363983 0 0 0 0 0 0 0 0 0 22974000 25816070.1593911 2067114.21636017
1989-05-07 5 40 7 1989 0 867785.485318773 0 0 0 0 0 0 8349.83809632463 0 0 24662400 11602995.8466446 1395294.51468123
1989-05-14 5 41 14 1989 0 764686.489082518 0 0 0 0 0 0 0 0 0 26350800 13335058.9834137 1546633.51091748
1989-05-21 5 42 21 1989 0 672629.277136286 0 0 0 0 0 0 0 0 0 28039200 14881620.1441104 1686930.72286371
1989-05-28 5 43 28 1989 0 466441.290031774 0 0 0 0 0 0 0 0 0 29727600 18345578.3274662 1941358.70996823
1989-06-04 6 44 4 1989 0 740245.365112656 0 0 0 0 0 0 1036.0488483587 0 0 31416000 17182087.3326342 1715794.63488734
1989-06-11 6 45 11 1989 0 0 0 0 0 0 0 0 0 0 0 31111500 5040000 2177279.01492839
1989-06-18 6 46 18 1989 0 0 0 0 0 0 0 0 352.447116468815 0 0 30807000 5040000 2287237.05796961
1989-06-25 6 47 25 1989 0 0 0 0 0 0 0 0 16063.6449471552 0 0 30502500 5040000 2231489.57233394
1989-07-02 7 48 2 1989 0 0 0 0 0 0 0 0 57302.7688445742 0 0 30198000 6960000 1238378.35492284
1989-07-09 7 49 9 1989 0 2303504.69209401 0 0 0 0 0 0 74111.2534195282 0 0 29599500 20111363.9292737 1539195.30790599
1989-07-16 7 50 16 1989 0 2257330.37981816 0 0 0 0 0 0 75477.3186829348 0 0 29001000 21450418.9852734 1568269.62018184
1989-07-23 7 51 23 1989 0 2510754.30483557 0 0 0 39977.1999525011 0 0 75842.150415642 0 0 28402500 14101125.1597685 1297745.69516443
1989-07-30 7 52 30 1989 0 2782935.99273583 0 6146.80969613986 0 52076.2395057414 0 0 79234.6976460105 0 0 27804000 6207856.21066088 1008464.00726417
1989-08-06 8 1 6 1989 348231.841984589 479520 0 32089.0806868177 0 106859.3814286 0 0 85778.1057701883 0 0 18483183.5305394 0 528090.958015411
1989-08-13 8 2 13 1989 370096.963073983 479520 0 32843.9447830566 0 110600.486368307 0 0 86798.4990907101 0 0 20613006.2924106 0 588943.036926017
1989-08-20 8 3 20 1989 433465.453921134 479520 0 33518.1656082016 0 108156.801670206 0 0 86886.2303698591 0 0 21290211.1127603 0 608291.746078866
1989-08-27 8 4 27 1989 228871.435457868 479520 0 26550.868075344 0 65173.8412271872 0 0 82731.3225254434 0 0 31346103.7589746 0 895602.964542132
1989-09-03 9 5 3 1989 602283.632347275 479520 0 0 0 0 0 0 76178.0215001177 0 0 21171778.8678454 0 604907.967652725
1989-09-10 9 6 10 1989 662767.102553951 179820 0 0 0 0 0 0 82720.3938520389 0 0 20565345.4106117 0 587581.297446049
1989-09-17 9 7 17 1989 711673.857270903 179820 0 0 0 0 0 0 86112.7885563109 0 0 20364096.9955184 0 581831.342729097
1989-09-24 9 8 24 1989 698871.541209271 179820 0 0 0 0 0 0 85328.4270284882 0 0 22322666.0576755 0 637790.458790729
1989-10-01 10 9 1 1989 716472.057109261 179820 0 0 0 0 0 0 83977.5466400655 0 0 23217136.0011759 0 663346.742890739
1989-10-08 10 10 8 1989 668256.92473506 359640 0 0 0 0 0 0 87648.550346509 0 0 26113056.0342729 0 746087.31526494
1989-10-15 10 11 15 1989 675417.771152607 359640 0 0 0 0 0.0333740726507585 0 83760.6890915519 0 0 27070816.8096588 0 773451.908847393
1989-10-22 10 12 22 1989 696327.073795091 359640 0 0 0 0 5.79772952975554 0 83972.919752319 0 0 27547381.6171718 0 787068.046204909
1989-10-29 10 13 29 1989 701334.541706156 359640 0 0 0 0 8.19747115680934 0 79992.0984705396 0 0 28580510.6402845 0 816586.018293844
1989-11-05 11 14 5 1989 1118939.53811711 359640 0 0 0 0 0 0 75280.0771989571 914454.073924968 0 15172726.1659011 0 433506.461882888
1989-11-12 11 15 12 1989 269523.41600162 3236760 0 0 0 0 0 0 80606.0924156285 0 0 43391802.4399433 0 1239765.78399838
1989-11-19 11 16 19 1989 209962.078916799 3236760 0 0 0 0 0 0 75764.4542567671 324431.964572673 0 43965961.237912 0 1256170.3210832
1989-11-26 11 17 26 1989 806166.704941166 3236760 0 0 0 0 0 0 79038.2591243106 454079.223340991 0 21588311.3270592 0 616808.895058834
1989-12-03 12 18 3 1989 724966.284700148 3236760 0 0 0 0 0 0 76336.3719267961 746234.369103519 0 22919838.0354948 0 654852.515299852
1989-12-10 12 19 10 1989 430759.78964681 1817800.38 0 0 0 0 0 0 71459.8766704542 234360.047572537 0 36238041.3623616 0 1035372.61035319
1989-12-17 12 20 17 1989 556556.208851687 1811266.92 0 0 0 0 0 0 73086.0490432915 181178.308850935 0 34856142.6901909 0 995889.791148313
1989-12-24 12 21 24 1989 784241.413608123 1804733.46 0 0 0 0 0 0 80866.1168165237 403980.054357076 0 29908136.5237157 0 854518.186391877
1989-12-31 12 22 31 1989 1113274.05528808 1438560 0 0 0 0 0 0 81446.3032150601 975009.338013524 0 21412970.0649172 0 611799.144711921
1990-01-07 1 23 7 1990 945819.982248153 719280 0 0 0 0 0 0 80570.6070557614 416514 0 27391345.0213146 0 782609.857751847
