"date" "month" "week" "day" "year" "MICAA" "ARROW" "DUNCA" "CORRA" "LIBBY" "FLASF" "GCOUL" "DWORS" "BROWN" "UpSnake" "MdlSnake"
1979-08-05 8 1 5 1979 20075520 7327300 1423400 589210 4978634.12865078 3168098.19457912 8319953.85769526 2899913.03159833 1301683.42362125 2577600 4242400
1979-08-12 8 2 12 1979 20075520 7327300 1423400 589210 4975000 3148600.97371595 8316000 2743832.27954446 1212734.90278922 2577600 4242400
1979-08-19 8 3 19 1979 20043717.438509 7320568.07333935 1422706.16128922 589210 4975000 3127838.05389183 8316000 2644475.47920272 1247242.40804905 2577600 4242400
1979-08-26 8 4 26 1979 20008246.2123221 7313059.56829894 1421932.2830639 589210 4975000 3127561.53241501 8316000 2537009.26735222 1208635.26855251 2577600 4242400
1979-09-02 9 5 2 1979 19784776.0693221 7230884.80126105 1408864.42450485 589210 5001001.18359465 3088554.35641176 8392971.06937244 2452080.25048706 1420000 2577600 4242400
1979-09-09 9 6 9 1979 19749144.3332777 7207052.70901545 1408501.11762827 601908 5017657.48238927 3046015.36876703 8313718.74002604 2405360.96030357 1420000 2577600 4242400
1979-09-16 9 7 16 1979 19703274.0218567 7190044.66540731 1405743.90320603 613111.169862381 5013311.28422824 2993030.42720097 8223208.77554238 2358509.65062475 1420000 2577600 4242400
1979-09-23 9 8 23 1979 19595727.0287026 7054311.85358033 1399375.51499991 573853.173885541 4992656.62387025 2929360.12817071 8075615.43643766 2312075.39968685 1420000 2577600 4242400
1979-09-30 9 9 30 1979 19486386.6318946 6914401.93596282 1401113.24437928 527725.180442124 4964022.00418995 2860938.71677049 7803627.23343227 2267373.34877313 1420000 2577600 4242400
1979-10-07 10 10 7 1979 19253068.7517247 6714592.59191771 1387689.60062774 478092.919512734 4925092.47205994 2823446.81784823 7562219.87134033 2226323.99739621 1420000 2577600 4242400
1979-10-14 10 11 14 1979 18997528.3645573 6428913.65296165 1365769.88933573 420248.957627847 4872707.09639999 2785992.21287659 7397119.93192258 2189929.53866011 1420000 2577600 4242400
1979-10-21 10 12 21 1979 18788179.7963986 6127777.09506689 1356239.91344981 371249.245761767 4829433.98629023 2760240.82514659 7134308.6729034 2166798.79820534 1420000 2577600 4242400
1979-10-28 10 13 28 1979 18653036.8846009 6015683.232 1351779.16368946 343670.089111767 4803100.82062442 2744933.41282659 7035372.85943066 2159721.24790849 1420000 2577600 4242400
1979-11-04 11 14 4 1979 18678273.3435109 6015683.232 1359077.5 332537.771731767 4787110 2720144.92511659 7106421.92045375 2148885.32523849 1420000 2577600 4242400
1979-11-11 11 15 11 1979 18120365.4952909 5495814.27 1231738.365 285612.912309767 4761620 2685371.41406659 7063205.31638867 2128498.64270508 1420000 2577600 4242400
1979-11-18 11 16 18 1979 17956178.96 5464105.71875 1231738.365 231902.920176767 4736130 2650621.42158659 6937395.84817926 2107853.56042208 1420000 2577600 4242400
1979-11-25 11 17 25 1979 17956178.96 5434390.3121 1231738.365 180476.135012767 4710640 2616057.59784659 6800265.58987528 2090142.03986208 1420000 2577600 4242400
1979-12-02 12 18 2 1979 17956178.96 5408291.00195 1023400 750000 3855100 2580478.36767659 6671790.26579565 2068993.15816308 1420000 2577600 4242400
1979-12-09 12 19 9 1979 17382581.38837 5410043.62517 937100.701742924 764994.33964 3855100 2561131.41256659 6054250.25668326 2089269.69446308 1420000 2577600 4242400
1979-12-16 12 20 16 1979 16809489.48421 5421652.69665 873125.9714 783365 3855100 2548000.89180659 5627068.27937628 2088450.77038308 1420000 2577600 4242400
1979-12-23 12 21 23 1979 16510621.93 5416061.15318 873125.9714 793658.96064 3855100 2533141.41377659 5226916.72261389 2101853.85334308 1420000 2577600 4242400
1979-12-30 12 22 30 1979 16502472.6298656 5398896.11252026 873125.9714 795043.824146 3849992.19411766 2505719.71911659 4815773.27633602 2098257.71441269 1420000 2577600 4242400
1980-01-06 1 23 6 1980 16223024.3898397 4986852.01003047 683945.956833443 786576 3855445.61548759 2462396.39368524 4474367.16855271 2087962.12441043 1370000 2578080 4242400
1980-01-13 1 24 13 1980 15958264.7805279 4587399.31390142 684595.776378024 749640.337483443 3855015.76963945 2420590.13245167 3940935.77152273 2073904.77884977 1320000 2578560 4242400
1980-01-20 1 25 20 1980 15643464.2450851 4130491.86131838 678322.822547442 712600.858741467 3819950.09022075 2360153.90967466 3921900 2053492.42155913 1270000 2579040 4242400
1980-01-27 1 26 27 1980 15349759.5166178 3670940.55677828 671392.403541244 672153.898110467 3776852.30828685 2298581.05029653 3921900 2029918.4197995 1220000 2579520 4242400
1980-02-03 2 27 3 1980 15118319.2108909 3242112.06720147 350355.737280087 665960 3733558.22042122 2248628.32023159 3921900 2007573.0202233 1170000 2580000 4242400
1980-02-10 2 28 10 1980 14927610.03 3084899.644 352764.5734646 621063 3684600 2211206.19168302 3921900 1993381.25605821 1132500 2542500 4205550
1980-02-17 2 29 17 1980 14919778.64767 3084899.644 353400 576165 3656140 2176269.31345302 3921900 1976961.02828821 1095000 2505000 4168700
1980-02-24 2 30 24 1980 14911529.53741 3084899.644 353400 531268 3627670 2145221.44841302 3921900 1990674.65239821 1057500 2467500 4131850
1980-03-02 3 31 2 1980 14904482.63612 3084899.644 353400 486370 3599210 2125684.79403302 3921900 2035914.38713821 1020000 2430000 4095000
1980-03-09 3 32 9 1980 14900451.14688 3111979.18143 353400 402130 3570250 2096578.14703302 3921900 2075524.91491821 995000 2400000 4072500
1980-03-16 3 33 16 1980 14894419.00395 3137025.68112 353400 317890 3543140 2063155.23210302 3921900 2092930.09142821 970000 2370000 4050000
1980-03-23 3 34 23 1980 14887575.7609 3158941.09647 353400 233650 3517210 2029898.42108302 3921900 2105660 945000 2340000 4027500
1980-03-30 3 35 30 1980 14882238.80724 3189985.42554 353400 149410 3490000 1996779.05716302 3921900 2116620 920000 2310000 4005000
1980-04-06 4 36 6 1980 14876236.29088 3215595.16314 353400 144000 3482500 1960166.17869302 3921900 2116340.64636 895000 2282500 3976880
1980-04-13 4 37 13 1980 14873642.39707 3251734.83035 353400 144000 3476630 1925773.02325302 3921900 2137637.80745786 870000 2255000 3948750
1980-04-20 4 38 20 1980 14890167.4001166 3413115.27271598 353400 221103 3473260 1963124.02390302 3921900 2238000 845000 2227500 3920630
1980-04-27 4 39 27 1980 14931358.3854803 3727300 353400 245000 3469890 2144615.58782125 4723000.48104246 2395081.71831882 820000 2200000 3892500
1980-05-04 5 40 4 1980 15061623.3159309 3727300 353400 267000 3870627.47535443 2371699.08592125 6643644.03334739 2551909.57945364 1420000 2275600 3962400
1980-05-11 5 41 11 1980 15288131.3713781 3727300 353400 289000 4280494.26629278 2545967.43692125 9021900.90565837 2681506.36112119 1420000 2351200 4032300
1980-05-18 5 42 18 1980 15537682.5810572 4366565.13863852 353400 309000 4587797.27862772 2623765.47111295 9107300 2734305.56225354 1420000 2426800 4102200
1980-05-25 5 43 25 1980 15837930.1077004 3810431.23162122 353400 332848.87728141 4998659.0612976 2703531.95405559 9107300 2723677.07547773 1420000 2502400 4172100
1980-06-01 6 44 1 1980 16128353.0364004 3727300 353400 355000 5530805.03589761 2875717.46125559 9107300 2844376.93387773 1420000 2578000 4242000
1980-06-08 6 45 8 1980 16535638.2613123 3737465.42059191 353400 386250 5855100 3039689.83855559 9107300 2963355.29957773 1420000 2577900 4242100
1980-06-15 6 46 15 1980 16943870.7906031 3727300 353400 417500 5855100 3157984.07905559 9107300 3059412.93106002 1420000 2577800 4242200
1980-06-22 6 47 22 1980 17473047.9809655 3727300 353400 448750 5855100 3242307.43968155 9107300 3139333.44825574 1420000 2577700 4242300
1980-06-29 6 48 29 1980 17978486.7341478 3727300 353400 480000 5853457.14312598 3329001.90535672 9105822.90348323 3160010.78817793 1420000 2577600 4242400
1980-07-06 7 49 6 1980 18403653.6497647 4142866.6395921 452721.7866 507303 5717585.24893762 3343224.72213557 8983660.16075939 3110200.83381209 1420000 2577600 4242400
1980-07-13 7 50 13 1980 18804052.3876307 4538771.07625455 564513.7601 534605 5378352.30142945 3260338.67219108 8660059.12974735 3033359.4121421 1420000 2577600 4242400
1980-07-20 7 51 20 1980 18977718.5 5013437.25901798 683563.1009 561908 4975000 3166000 8316000 2864959.42864447 1364123.00030741 2577600 4242400
1980-07-27 7 52 27 1980 19000082.19 5262200.59136976 780403.19924 589210 4975000 3166000 8235129.28801346 2633440.59847669 1228293.00747029 2577600 4242400
1980-08-03 8 1 3 1980 19233132.8053997 5473165.94266106 869027.60584 589210 4975000 3166000 8139429.6333279 2417356.97938191 1183000 2577600 4242400
1980-08-10 8 2 10 1980 19398633.9144122 5745489.01669228 972716.12664 589210 4975000 3166000 7963283.08777792 2258636.28818524 1183000 2577600 4242400
1980-08-17 8 3 17 1980 19400640.6860012 5874427.23286289 1026791.60890275 589210 4970062.13702021 3162752.28292001 7929488.75639393 2237047.74026811 1171510.213341 2577600 4242400
1980-08-24 8 4 24 1980 19413702.6181374 6066209.7633307 1093828.95376066 589210 4966049.08605842 3160112.83054865 7882538.31316852 2228639.20924267 1183000 2577600 4242400
1980-08-31 8 5 31 1980 19353810.627175 6161025.00667619 1140221.10152659 589210 4954137.11786746 3138157.84915103 7902436.50373542 2210713.5626254 1183000 2577600 4242400
1980-09-07 9 6 7 1980 19334089.2601306 6325149.47376302 1167555.60123907 601908 4930331.99803727 3112668.76592563 7577928.80592954 2208790.53629607 1224986.8221198 2577600 4242400
1980-09-14 9 7 14 1980 19248045.2670842 6346476.05079184 1182817.78854948 574707.71030643 4933565.00468118 3056562.49527949 7527321.26719218 2188713.35165158 1365431.6885265 2577600 4242400
1980-09-21 9 8 21 1980 19215486.7582846 6293828.98318516 1222400.7522546 547113.64343525 4952567.70839829 3035877.24085504 7419939.7879155 2183980.33240212 1420000 2577600 4242400
1980-09-28 9 9 28 1980 19180356.6282612 6401125.24526498 1253654.96304269 570362.603265702 4947006.2194196 2993910.32278168 7255997.76564388 2185472.67264265 1420000 2577600 4242400
1980-10-05 10 10 5 1980 19064769.8278198 6328671.0470208 1299538.58322231 537452.781608782 4921992.88451642 2972409.46493555 6948346.51292755 2156782.92960169 1420000 2577600 4242400
1980-10-12 10 11 12 1980 18868626.4836648 6153577.21098301 1290644.60962923 493444.976202434 4875241.37031422 2947816.28652569 6832498.39421672 2124796.00461067 1420000 2577600 4242400
1980-10-19 10 12 19 1980 18739974.0056127 6015683.232 1276799.10863722 472849.528317354 4833440 2934789.15290569 6582093.80381399 2109206.6866553 1420000 2577600 4242400
1980-10-26 10 13 26 1980 18612579.4433043 5954072.07715086 1262683.06785288 448284.790657354 4810270 2923022.40058569 6366124.64822402 2081548.71221393 1420000 2577600 4242400
1980-11-02 11 14 2 1980 18665951.4238243 6029055.76891262 1277280.43578288 420171.676777354 4869111.91975 2916061.88380569 6290596.12900233 2065399.96428393 1420000 2577600 4242400
1980-11-09 11 15 9 1980 18139892.9147043 5495814.27 1231738.365 424386.353657354 4761620 2955293.57795569 6059972.62257483 2087455.65907393 1420000 2577600 4242400
1980-11-16 11 16 16 1980 17956178.96 5495814.27 1231738.365 522705.697267354 4736130 3005032.01325569 6124588.87589568 2135113.58641393 1420000 2577600 4242400
1980-11-23 11 17 23 1980 17956178.96 5495814.27 1231738.365 506676.848367354 4710640 3016987.73965569 6103558.46705981 2132167.58917393 1420000 2577600 4242400
1980-11-30 11 18 30 1980 17956178.96 5495814.27 1231738.365 497671.841167354 4685160 3027102.85961569 6094552.62703231 2131240.86220393 1420000 2577600 4242400
1980-12-07 12 19 7 1980 17403377.19192 5559611.45528 1070132.83567963 508809.199657354 4619109.31905102 3043056.00145569 5725457.02882931 2137682.38448393 1420000 2577600 4242400
1980-12-14 12 20 14 1980 16849929.44852 5623597.25778 930149.779701646 576907.567588374 4360806.41097791 3055395.39341569 5406575.62472308 2134626.56570393 1420000 2577600 4242400
1980-12-21 12 21 21 1980 16510621.93 5706913.46197 873125.9714 762978.542466284 4062600 3076387.12488569 4924844.77272008 2129527.43785393 1420000 2577600 4242400
1980-12-28 12 22 28 1980 16510621.93 5771990.21265 873125.9714 816730 3855080 3110573.09868569 4826839.13116014 2132680 1420000 2577600 4242400
1981-01-04 1 23 4 1981 16389454.0355617 5598434.04423729 877966.30950319 786576 3543100 3115304.4201765 5652537.27069367 2286913.41640875 1370000 2578080 4242400
1981-01-11 1 24 11 1981 16162690.3122274 5267169.52734116 823668.279611999 756422 3208426.54754304 3042239.89061224 6375939.52947597 2287215.25430083 1320000 2578560 4242400
1981-01-18 1 25 18 1981 16004814.2892741 4991497.09883642 753796.784129594 726268 2916030.25025241 2985578.11480765 6504453.829544 2282456.23542332 1270000 2579040 4242400
1981-01-25 1 26 25 1981 15887799.2478672 4780264.93265163 675400 696114 2607100 2944988.99933141 6549669.15967177 2287696.40994378 1220000 2579520 4242400
1981-02-01 2 27 1 1981 15762588.897821 4552677.61193662 588400 665960 2295100 2895117.05690238 6760622.82760872 2291440.09727456 1170000 2580000 4242400
1981-02-08 2 28 8 1981 15542977.8621944 4217986.48798837 478438.865376972 621063 2022099.17566363 2793196.87344665 6997985.76489579 2267723.63973828 1132500 2542500 4205550
1981-02-15 2 29 15 1981 15352241.888287 3902228.93968668 370803.789386569 576165 1754861.77268883 2689656.61972085 7090707.37758133 2234997.69836793 1095000 2505000 4168700
1981-02-22 2 30 22 1981 15290294.2480482 3868867.87859378 262150 531268 1485100 2701412.63443864 7407960.34424368 2379551.64550818 1057500 2467500 4131850
1981-03-01 3 31 1 1981 15296651.0009082 3957671.40683378 153400 486370 1215100 2745461.07207864 7121300 2472113.6194372 1020000 2430000 4095000
1981-03-08 3 32 8 1981 15116656.5220924 3624614.65002057 153400 402130 1130100 2599719.09975864 7121300 2233796.07410458 995000 2400000 4072500
1981-03-15 3 33 15 1981 14934155.5 3246552.908 153400 317890 1045100 2466528.89449864 7121300 2094700 970000 2370000 4050000
1981-03-22 3 34 22 1981 14937428.24 3246552.908 153400 233650 960100 2350988.063 7121300 2105660 945000 2340000 4027500
1981-03-29 3 35 29 1981 14940700.97 3246552.908 153400 144000 900300 2338194.746 7101510 2116620 920000 2310000 4005000
1981-04-05 4 36 5 1981 14961296.10063 3325973.87777 153400 173308 900300 2366758.30934 5104300 2155188.31498 895000 2282500 3976880
1981-04-12 4 37 12 1981 14980960.85433 3365462.58247 153400 172005 900300 2368013.46043 5104300 2181473.95377 870000 2255000 3948750
1981-04-19 4 38 19 1981 15002010.39543 3401705.67107 153400 195903 900300 2426878.53273 4846801.05991025 2235928.83993056 845000 2227500 3920630
1981-04-26 4 39 26 1981 15052869.7875673 3612259.60634839 153400 219800 900300 2625249.51864672 4927108.99305306 2277520.25741817 820000 2200000 3892500
1981-05-03 5 40 3 1981 15141993.2307452 3727300 153400 267000 1231565.03888776 2835456.03869129 5581260.94892707 2405245.00021817 1252583.03799855 2275600 3962400
1981-05-10 5 41 10 1981 15281534.3652478 3727300 153400 289000 1594912.76808776 2936912.30459129 6550085.2578128 2441569.34189817 1420000 2351200 4032300
1981-05-17 5 42 17 1981 15469772.614749 3727300 153400 311000 1959352.55502874 3015454.72223129 6641411.23063125 2417011.63510771 1420000 2426800 4102200
1981-05-24 5 43 24 1981 15798925.0928126 3727300 153400 333000 2480628.18675508 3166000 7536922.77145442 2451847.93322626 1420000 2502400 4172100
1981-05-31 5 44 31 1981 16250060.5952126 3727300 153400 355000 3192816.07930039 3317380.9419 9107300 2484128.08849997 1420000 2578000 4242000
1981-06-07 6 45 7 1981 16783520.6286837 4071087.12725832 153400 385104.106027215 3892518.68061973 3456856.5761 9107300 2487101.894174 1420000 2577900 4242100
1981-06-14 6 46 14 1981 17195851.5972053 3727300 153400 417500 4608588.43960065 3595682.7634 9107300 2590453.415074 1420000 2577800 4242200
1981-06-21 6 47 21 1981 17633395.390322 3727300 153400 448750 5386642.09270065 3647000 9107300 2729558.772974 1420000 2577700 4242300
1981-06-28 6 48 28 1981 18088801.3324502 3727300 153400 480000 5855100 3647000 9107300 2784384.16875697 1420000 2577600 4242400
1981-07-05 7 49 5 1981 18722485.0594557 4351325.46539505 353533.1073 507303 5741350 3615240.73766229 9010850 2673195.98911042 1371114.84650024 2577600 4242400
1981-07-12 7 50 12 1981 19193180.4820763 5290308.16840392 542463.2757 534605 5502609.43686316 3454353.7542679 8790374.8976137 2576481.43124157 1324337.6676447 2577600 4242400
1981-07-19 7 51 19 1981 19304012.5776616 5955820.81476735 686061.521 561908 5425196.7416862 3333657.15877991 8720772.95954584 2315468.53023126 1185435.01382821 2577600 4242400
1981-07-26 7 52 26 1981 19578809.8319166 6517223.22067782 837682.3868 589210 4975000 3166000 8316000 2238000 1093639.65498321 2577600 4242400
1981-08-02 8 1 2 1981 20075520 7317533.42995979 1006072.6112 589210 4975000 3166000 8316000 2225835.65894001 1016419.63955011 2577600 4242400
1981-08-09 8 2 9 1981 20075520 7327300 1118312.5258 589210 4975000 3166000 8316000 2213466.19100555 937821.722187085 2577600 4242400
1981-08-16 8 3 16 1981 20075520 7327300 1240794.0451 589210 4975000 3166000 8316000 2200016.25747397 839920.105811586 2577600 4242400
1981-08-23 8 4 23 1981 20075520 7327300 1336049.59055 589210 4975000 3166000 8316000 2186614.40960317 732796.463329486 2577600 4242400
1981-08-30 8 5 30 1981 20075520 7327300 1391000.82991 589210 4975000 3160590.79981143 8316000 2171715.84011155 626045.298313987 2577600 4242400
1981-09-06 9 6 6 1981 19967211.7622216 7252118.60729193 1415790.54066182 601908 5053607.11680799 3156676.7901841 8605241.97804668 2155998.93980819 570405.687133486 2577600 4242400
1981-09-13 9 7 13 1981 19900279.1407201 7204201.78586915 1407070.05163545 614605 5095709.53751211 3111465.67406431 8786622.92514064 2131507.98203746 517789.893367487 2577600 4242400
1981-09-20 9 8 20 1981 19846861.7877678 7127820.04745508 1400994.8065497 593754.956323715 5095391.82071884 3050664.45844442 8580403.62764 2103812.08497864 463892.676368986 2577600 4242400
1981-09-27 9 9 27 1981 19891353.0585798 7203652.27647933 1407594.7403845 640000 5003478.06602967 3008010.52441305 8292515.25312591 2082422.07567476 443000 2577600 4242400
1981-10-04 10 10 4 1981 19614195.5326191 7030236.49164258 1398016.45996256 652000 5030438.14288954 3010641.94091936 8467297.89378875 2068551.44656353 526506.00278772 2577600 4242400
1981-10-11 10 11 11 1981 19439431.7327702 6936816.82872182 1391162.54575748 664000 5034305.35202584 2995808.25597936 8549997.38309904 2046371.67687931 585880.359207415 2577600 4242400
1981-10-18 10 12 18 1981 19246759.7802185 6761225.75202128 1377164.79389676 676000 5003405.58260595 2981332.33563936 8627866.40468455 2027229.39538052 849080.502016193 2577600 4242400
1981-10-25 10 13 25 1981 19030636.0757165 6497077.31585022 1358447.82580045 667294.858125618 4938347.01927369 2962515.68398936 8498683.65875731 1996671.48512882 993659.188372811 2577600 4242400
1981-11-01 11 14 1 1981 19143281.1023165 6680003.41725022 1395704.31075045 682721.3567185 4975000 2945909.12713936 8189640.90988063 1985802.42318882 1026992.23698645 2577600 4242400
1981-11-08 11 15 8 1981 18662582.9131165 5983512.32288963 1296560.09164788 693335.0160585 4859010.79135182 2926110.79338936 8197532.14924476 1967385.48456782 1009677.72153645 2577600 4242400
1981-11-15 11 16 15 1981 18160286.8513165 5495814.27 1231738.365 683632.6851885 4736130 2910299.51852936 8077468.12469889 1957129.73614782 995062.714066446 2577600 4242400
1981-11-22 11 17 22 1981 17956178.96 5495814.27 1231738.365 733554.6050085 4710640 2908919.97525936 8008643.40338973 1969225.43342782 1225109.48023645 2577600 4242400
1981-11-29 11 18 29 1981 17956178.96 5495814.27 1231738.365 745903.9448485 4685160 2892148.00686936 8026138.5696922 1966360.08360782 1420000 2577600 4242400
1981-12-06 12 19 6 1981 17424225.78473 5562684.36897 1027147.81964807 766683 3855100 2876079.56436936 8379030.7912077 1959421.20629782 1420000 2577600 4242400
1981-12-13 12 20 13 1981 16888259.35653 5621117.30861669 873125.9714 783365 3847259.7291288 2869864.24598936 7941548.55725568 2012493.84223785 1420000 2577600 4242400
1981-12-20 12 21 20 1981 16510621.93 5642381.67451685 873125.9714 800048 3835024.49920869 2854943.26649936 7543805.77864327 2020336.70547203 1420000 2577600 4242400
1981-12-27 12 22 27 1981 16510621.93 5669818.81274067 873125.9714 816730 3841715.78240266 2837951.46388936 7023810.64392997 2024001.97107403 1420000 2577600 4242400
1982-01-03 1 23 3 1982 16303321.9523352 5328939.72959383 858237.163626802 786576 3640133.52942819 2782878.52441374 6743827.80538724 2027186.53148112 1370000 2578080 4242400
1982-01-10 1 24 10 1982 16126483.5402998 5026144.56285361 827978.224500766 756422 3654025.51392756 2737276.18438009 6310032.90041543 2037248.26437252 1320000 2578560 4242400
1982-01-17 1 25 17 1982 15955812.0505692 4727665.26244582 753208.412894375 726268 3655100 2690756.72968058 5926962.4978004 2039618.06840252 1270000 2579040 4242400
1982-01-24 1 26 24 1982 15754614.0475914 4384116.64228813 673331.458584362 696114 3646329.4251496 2634485.94953866 5539551.07368257 2035782.35061505 1220000 2579520 4242400
1982-01-31 1 27 31 1982 15525952.9987487 4002295.88474999 583656.053591327 665960 3631875.97461151 2568223.7680928 5155919.50924652 2035479.24335512 1170000 2580000 4242400
1982-02-07 2 28 7 1982 15220988.8492881 3562828.51793682 477308.537256147 621063 3441922.98606076 2501981.94082512 4976545.40329377 2026107.89781058 1107500 2542500 4205550
1982-02-14 2 29 14 1982 14980386.5285212 3176298.11246574 370900 576165 3455100 2442802.14595101 4582579.61744408 2018201.73670058 1045000 2505000 4168700
1982-02-21 2 30 21 1982 14927610.03 3084899.644 262150 531268 3455100 2408855.509 4732838.29975103 2078340 982500 2467500 4131850
1982-02-28 2 31 28 1982 14934930.3809186 3129121.59454353 153400 486370 3455100 2397133.08894244 6051931.65929797 2215988.42781011 920000 2430000 4095000
1982-03-07 3 32 7 1982 14941721.9160886 3174395.57377353 153400 402130 3355100 2385843.09592244 4979970 2192950 857500 2400000 4072500
1982-03-14 3 33 14 1982 14934155.5 3211056.20610353 153400 317890 3355100 2363781.38 4979970 2094700 795000 2370000 4050000
1982-03-21 3 34 21 1982 14937428.24 3243169.93846353 153400 233650 3355100 2348256.63225 4979970 2105660 732500 2340000 4027500
1982-03-28 3 35 28 1982 14940700.97 3246552.908 153400 149410 3355100 2332783.76756 4979970 2116620 670000 2310000 4005000
1982-04-04 4 36 4 1982 14955154.4581 3284895.4493 153400 173308 3355100 2317099.05289 3921900 2213954.63992784 612500 2282500 3976880
1982-04-11 4 37 11 1982 14973171.42644 3321995.16036 153400 197205 3355100 2290668.99368 3921900 2238000 555000 2255000 3948750
1982-04-18 4 38 18 1982 15001785.07748 3429528.52922 153400 221103 3355100 2334157.01412 3921900 2295745.45952701 497500 2227500 3920630
1982-04-25 4 39 25 1982 15029668.78738 3509368.26026251 153400 245000 3355100 2389811.17759 3921900 2267169.66910195 443000 2200000 3892500
1982-05-02 5 40 2 1982 15108025.2823058 3727300 153400 267000 3595328.38105739 2533839.15359 3954958.27503819 2438120.52918865 1134654.78657239 2275600 3962400
1982-05-09 5 41 9 1982 15235627.6614979 3727300 153400 289000 3854757.18479375 2689565.56849 4834108.32639745 2593751.54662681 1420000 2351200 4032300
1982-05-16 5 42 16 1982 15407381.7449271 3727300 153400 311000 4082992.15491613 2787428.96726365 5401708.80778185 2728858.32668083 1420000 2426800 4102200
1982-05-23 5 43 23 1982 15667825.012354 3727300 153400 333000 4504767.29532404 3051006.94690823 6519680.93418048 2991147.71286912 1420000 2502400 4172100
1982-05-30 5 44 30 1982 16019163.6882923 3727300 153400 355000 4964622.14767665 3376353.85980823 8556136.86750073 3248121.62824386 1420000 2578000 4242000
1982-06-06 6 45 6 1982 16487095.8812308 4319110.18055519 153400 384370.442503259 5436347.79695157 3582724.91760823 9107300 3406381.89138727 1420000 2577900 4242100
1982-06-13 6 46 13 1982 16900259.3738773 5117300.3551622 153400 417500 5855100 3647000 9107300 3467950 1420000 2577800 4242200
1982-06-20 6 47 20 1982 17835031.1337558 5032900.41471232 153400 448750 5855100 3647000 9107300 3467950 1420000 2577700 4242300
1982-06-27 6 48 27 1982 19183406.3316025 6189014.40279742 153400 480000 5855100 3647000 9107300 3467950 1420000 2577600 4242400
1982-07-04 7 49 4 1982 20075520 7675788.84049734 432002.6966 507303 5855100 3647000 9107300 3467950 1420000 2577600 4242400
1982-07-11 7 50 11 1982 20075520 8658693.08955788 602072.8183 534605 5855100 3647000 9107300 3467950 1420000 2577600 4242400
1982-07-18 7 51 18 1982 20075520 7354264.70178782 755288.4235 561908 5855100 3647000 9107300 3467950 1420000 2577600 4242400
1982-07-25 7 52 25 1982 19979399.4308612 7327300 886817.8965 589210 5855100 3647000 9107300 3391415.60495293 1420000 2577600 4242400
1982-08-01 8 1 1 1982 20075520 7327300 980254.73879 589210 5800435.45713541 3617124.25279188 9058150.97969691 3253554.15340518 1420000 2577600 4242400
1982-08-08 8 2 8 1982 20075520 7327300 1112368.52209 589210 5649971.97940364 3525562.17757292 8922868.90955812 3071327.9690401 1403271.45471056 2577600 4242400
1982-08-15 8 3 15 1982 20075520 7327300 1252839.48539 589210 5476113.79004337 3395202.3632507 8801996.31289279 2867935.07464545 1310781.12251895 2577600 4242400
1982-08-22 8 4 22 1982 20075520 7327300 1319888.53215 589210 5284203.38643729 3280342.05724361 8702992.86008283 2648543.28758183 1183000 2577600 4242400
1982-08-29 8 5 29 1982 20075520 7327300 1369108.90281 588477.00235813 4975000 3166000 8316000 2427097.19083226 1183000 2577600 4242400
1982-09-05 9 6 5 1982 19966525.9568068 7251592.84526789 1415200.51768521 577149.80076031 5021102.89031255 3140852.85985576 8546514.65149173 2397124.72105369 1246277.1773866 2577600 4242400
1982-09-12 9 7 12 1982 19990908.6598915 7268975.03268714 1418386.98667673 614605 5066084.32198415 3129381.39644809 8704114.60253939 2373556.32623977 1293512.6079265 2577600 4242400
1982-09-19 9 8 19 1982 19983087.7984898 7263462.80066693 1416924.81159372 627303 5140241.53828239 3108096.37292083 9071087.00196582 2357769.06188615 1392858.6864347 2577600 4242400
1982-09-26 9 9 26 1982 19934239.2820279 7228615.02785662 1410921.0895383 640000 5162223.99420421 3065392.01569912 9056070.12363992 2327232.16944818 1420000 2577600 4242400
1982-10-03 10 10 3 1982 19795443.4986922 7186600.43231365 1418775.75665568 652000 5258655.75746179 3084644.82484912 9088192.66747945 2317927.8247035 1420000 2577600 4242400
1982-10-10 10 11 10 1982 19755206.5102013 7104408.83706896 1414710.62746318 664000 5289985.10948068 3079789.71128912 9068109.15029179 2307693.38178937 1420000 2577600 4242400
1982-10-17 10 12 17 1982 19616674.9477358 6966425.75316064 1399432.68755154 659455.844722909 5244605.79127067 3066592.80244912 8970439.83875931 2275616.24472611 1420000 2577600 4242400
1982-10-24 10 13 24 1982 19443122.9470665 6841492.38194764 1391490.43304202 665237.584359194 5178957.57144975 3059139.82982912 8760507.00745003 2248913.81169277 1420000 2577600 4242400
1982-10-31 10 14 31 1982 19291779.7532068 6742341.94531354 1388921.68684764 7e+05 5135087.85312233 3064726.02267912 8724782.4313142 2230269.20898738 1420000 2577600 4242400
1982-11-07 11 15 7 1982 18780439.9920068 5870461.48708417 1278486.9295848 712500 4878229.57645662 3054680.71990912 8754171.37621756 2185046.51828787 1420000 2577600 4242400
1982-11-14 11 16 14 1982 18262675.5591068 5495814.27 1231738.365 725000 4736130 3040683.50056912 8733686.25562814 2159860 1420000 2577600 4242400
1982-11-21 11 17 21 1982 17956178.96 5495814.27 1231738.365 728307.68294 4710640 3024385.73671912 8674775.05888331 2152420 1420000 2577600 4242400
1982-11-28 11 18 28 1982 17956178.96 5495814.27 1231738.365 735525.15114 4685160 3005327.16408912 8597240.97232059 2144980 1420000 2577600 4242400
1982-12-05 12 19 5 1982 17421893.03626 5571035.29054 1060077.16863708 766683 3855100 2987171.11229912 8950021.10020799 2151804.63160289 1420000 2577600 4242400
1982-12-12 12 20 12 1982 16882430.8089 5647638.8252 887228.31575705 783365 3855100 2968659.66779912 8582748.50845499 2140896.92045979 1420000 2577600 4242400
1982-12-19 12 21 19 1982 16510621.93 5701444.10259445 873125.9714 800048 3846335.83278035 2948508.42393912 8102616.27434091 2135760 1420000 2577600 4242400
1982-12-26 12 22 26 1982 16484412.7210137 5712064.78647605 873125.9714 816730 3824423.90212226 2927279.87409912 7573542.76989808 2132680 1420000 2577600 4242400
1983-01-02 1 23 2 1983 16296144.0570992 5393761.34398446 860933.096376221 786576 3853383.90091618 2860102.33656525 7079879.33423193 2126905.20762113 1370000 2578080 4242400
1983-01-09 1 24 9 1983 16119313.2999203 5092555.02888662 826669.206144567 756422 3880613.4845114 2797546.44274222 6690340.68440955 2145616.13078531 1320000 2578560 4242400
1983-01-16 1 25 16 1983 15909861.514435 4762027.18475136 747649.450704752 726268 3885956.06925784 2723365.28474483 6602895.81298793 2162222.06238075 1270000 2579040 4242400
1983-01-23 1 26 23 1983 15687093.304941 4395192.2396135 667557.54158545 696114 3864636.85386669 2644452.90278393 6488748.0677231 2152030.32037696 1220000 2579520 4242400
1983-01-30 1 27 30 1983 15495384.4711036 4048600.10996974 583293.931092113 665960 3839653.59643573 2576058.88000453 6350708.15482161 2141317.94663745 1170000 2580000 4242400
1983-02-06 2 28 6 1983 15248262.2878415 3653876.96154732 476882.777005782 621063 3789046.71575223 2510122.25568332 6146806.35884371 2122115.23813134 1107500 2542500 4205550
1983-02-13 2 29 13 1983 15045899.6897033 3298998.67183273 370639.235451969 576165 3716968.77830924 2452355.92236928 5806009.44280158 2097758.22332653 1045000 2505000 4168700
1983-02-20 2 30 20 1983 14927610.03 3084899.644 262150 531268 3627670 2408855.509 5559274.3567405 2078340 982500 2467500 4131850
1983-02-27 2 31 27 1983 14927610.03 3084899.644 153400 486370 3599210 2388271.93483 5547177.79690744 2072780 920000 2430000 4095000
1983-03-06 3 32 6 1983 14930882.77 3148152.51792 153400 402130 3570250 2374358.6577 5217300 2083740 857500 2400000 4072500
1983-03-13 3 33 13 1983 14934155.5 3234471.53604 153400 317890 3543140 2363781.38 5217300 2094700 795000 2370000 4050000
1983-03-20 3 34 20 1983 14939506.8926148 3253804.14501498 153400 233650 3524034.71954815 2353011.73908437 5217300 2112851.70458228 732500 2340000 4027500
1983-03-27 3 35 27 1983 14940700.97 3246552.908 153400 149410 3490000 2338194.746 5217300 2116620 670000 2310000 4005000
1983-04-03 4 36 3 1983 14980424.89661 3363079.81879 153400 173308 3540980.0742 2333064.08978 3921900 2199786.7696 612500 2282500 3976880
1983-04-10 4 37 10 1983 14990486.2 3406619.391 153400 197205 3476630 2319792.70967 3921900 2238000 555000 2255000 3948750
1983-04-17 4 38 17 1983 15025122.65 3491632.55204 153400 221103 3473260 2305709.24805 3921900 2238000 497500 2227500 3920630
1983-04-24 4 39 24 1983 15053263.21 3727300 153400 245000 3469890 2368444.74126 3921900 2238000 443000 2200000 3892500
1983-05-01 5 40 1 1983 15245436.3658 3727300 153400 267000 3769021.6661 2453559.85694 4921998.55530392 2342288.85639554 1183000 2275600 3962400
1983-05-08 5 41 8 1983 15432441.6896452 3727300 153400 289000 4025182.52679098 2571276.970999 5289315.44343485 2469918.60839034 1420000 2351200 4032300
1983-05-15 5 42 15 1983 15677484.7013316 3727300 153400 311000 4275024.87546209 2661798.659219 6085622.77887094 2584218.04929034 1420000 2426800 4102200
1983-05-22 5 43 22 1983 16076495.3945005 3727300 153400 333000 4565200.52476646 2790838.468519 6498898.92565814 2646226.61144524 1420000 2502400 4172100
1983-05-29 5 44 29 1983 16766770.087684 3727300 153400 355000 5097622.84761074 3071892.31643285 7321186.09020861 2798195.9075664 1420000 2578000 4242000
1983-06-05 6 45 5 1983 18106297.530378 3981323.24936477 153400 385735.895637834 5779484.69534108 3354207.85253285 9107300 2956493.77799062 1420000 2577900 4242100
1983-06-12 6 46 12 1983 18876701.3403158 4957162.80184926 153400 417500 5855100 3523962.95103285 9107300 3034018.06801443 1420000 2577800 4242200
1983-06-19 6 47 19 1983 19457186.6207539 5573732.26906954 153400 448750 5855100 3627782.49058939 9107300 3088058.44759946 1420000 2577700 4242300
1983-06-26 6 48 26 1983 19965862.7149137 4924845.86628676 153400 480000 5855100 3647000 9107300 3113518.5016205 1420000 2577600 4242400
1983-07-03 7 49 3 1983 19846501.6359289 5716843.2652385 253746.841 507303 5832298.96681029 3647000 9087966.72834156 3139373.9447105 1420000 2577600 4242400
1983-07-10 7 50 10 1983 19778780.1756127 6531235.48148952 365975.8949 534605 5800767.53321282 3647000 9056202.05012881 3146788.78981389 1420000 2577600 4242400
1983-07-17 7 51 17 1983 19822022.5823496 7309450.37018589 602841.5931 561908 5641476.57529431 3530248.6452864 8892769.53986838 3132464.31794151 1420000 2577600 4242400
1983-07-24 7 52 24 1983 19840475.7805714 7327300 682830.51327 589210 5855100 3570601.55416584 9107300 3087103.75532728 1420000 2577600 4242400
1983-07-31 7 52 31 1983 19497953.92 7327300 751419.93932 589210 5720003.67785696 3532050.84172761 8985834.57594389 2939366.90455505 1398278.63204259 2577600 4242400
1983-08-07 8 1 7 1983 19974031.4651087 7327300 833613.55268 589210 5326181.25585531 3319626.41827552 8638195.63460848 2752023.62149936 1289359.5841491 2577600 4242400
1983-08-14 8 2 14 1983 20075520 7327300 940261.99268 589210 4975000 3166000 8316000 2587051.17623376 1183000 2577600 4242400
1983-08-21 8 3 21 1983 20075520 7327300 1003147.7011 589210 4975000 3164790.4953206 8316000 2466525.35307613 1183000 2577600 4242400
1983-08-28 8 4 28 1983 20075520 7327300 1070566.04044 589210 4975000 3162647.20797199 8316000 2403753.84794417 1183000 2577600 4242400
1983-09-04 9 5 4 1983 19833096.7444646 7254887.55924526 1123856.68822521 589210 5027154.0359676 3134013.39861801 8624315.4536852 2357403.01618137 1324346.992752 2577600 4242400
1983-09-11 9 6 11 1983 19889361.9994061 7196319.70563526 1168397.932595 593668.30609867 5048522.61355703 3094505.24723486 8594291.06159146 2324766.12260097 1420000 2577600 4242400
1983-09-18 9 7 18 1983 19896067.9418007 7201047.38433678 1192596.0529461 614605 5068683.30266215 3058841.00426488 8610834.9011415 2302451.82203034 1420000 2577600 4242400
1983-09-25 9 8 25 1983 19882324.8399178 7162219.61032305 1206205.5796004 594777.11124482 5073507.2184608 3014168.28477192 8535064.07557752 2279286.92662587 1420000 2577600 4242400
1983-10-02 10 9 2 1983 19679584.5304311 7175097.7907315 1208299.09416963 555983.40411943 5066396.82694401 2996414.82100733 8353959.81860092 2246814.42530635 1420000 2577600 4242400
1983-10-09 10 10 9 1983 19491919.9364961 6962063.24461701 1208377.52512259 514052.63856943 5047623.39005287 2981287.93077733 8096809.53568911 2219112.56253069 1420000 2577600 4242400
1983-10-16 10 11 16 1983 19290042.0383361 6740747.93798333 1202706.34679895 471272.05082943 5010786.25455658 2962091.22688733 7897411.60136412 2199995.71251712 1420000 2577600 4242400
1983-10-23 10 12 23 1983 19086531.3527528 6527531.64087323 1199366.95691702 437762.835660164 4965685.64812264 2945449.18631733 7638498.27585234 2176980.02671393 1420000 2577600 4242400
1983-10-30 10 13 30 1983 18912618.9094736 6348667.68932149 1195631.07452924 433490.426670164 4913694.96428642 2931170.66301733 7426083.91733418 2157895.30626295 1420000 2577600 4242400
1983-11-06 11 14 6 1983 18974710.1280977 6490998.04539366 1235318.83965924 563400.337340164 4990875.00822048 2938625.59326733 7240791.27256465 2160208.46360295 1420000 2577600 4242400
1983-11-13 11 15 13 1983 18472628.8615977 5693544.19404763 1236252.90058849 712500 4818113.06515645 2953671.28126733 7669145.9799654 2171463.12221216 1420000 2577600 4242400
1983-11-20 11 16 20 1983 17956897.4464977 5495814.27 1231738.365 725000 4736130 2958315.61249733 8104368.28563786 2159860 1420000 2577600 4242400
1983-11-27 11 17 27 1983 17956178.96 5495814.27 1231738.365 737500 4710640 2946773.09173733 8487274.19345661 2152420 1420000 2577600 4242400
1983-12-04 12 18 4 1983 17956178.96 5495814.27 1023400 750000 3855100 2931422.00117733 9106900 2144980 1420000 2577600 4242400
1983-12-11 12 19 11 1983 17402335.19524 5548631.56026 939813.760501328 766683 3855100 2915187.18654733 8762354.60866137 2146521.29000382 1420000 2577600 4242400
1983-12-18 12 20 18 1983 16848060.90559 5602745.65221 878163.028224185 783365 3855100 2897967.87511733 8352459.70124837 2139334.72004255 1420000 2577600 4242400
1983-12-25 12 21 25 1983 16510621.93 5655386.84527 873125.9714 800048 3855100 2879727.42844733 7895248.72856537 2133474.97982255 1420000 2577600 4242400
1984-01-01 1 22 1 1984 16510621.93 4938259.271 788400 816730 3855080 2723268.39238733 7464007.08895202 2124936.72438255 1420000 2577600 4242400
1984-01-08 1 23 8 1984 16330057.0968683 4729626.13520718 777546.409594621 786576 3907511.38831145 2720430.48554167 7064639.72508866 2134152.74875418 1370000 2578080 4242400
1984-01-15 1 24 15 1984 16123443.2350201 4491907.04812178 773982.97714904 756422 3933702.46289204 2704346.73702572 6798288.32052541 2142823.01845718 1320000 2578560 4242400
1984-01-22 1 25 22 1984 15935861.9341267 4258758.57532889 770147.119367193 726268 3938959.95632048 2673706.04650101 6460349.54751157 2142304.82395132 1270000 2579040 4242400
1984-01-29 1 26 29 1984 15780035.5651167 4064505.9864009 769840.530143475 696114 3942191.8521822 2650555.17138426 6165264.28492822 2165534.46334766 1220000 2579520 4242400
1984-02-05 2 27 5 1984 15563857.8644367 3810568.68143044 549407.598686828 665960 3901346.47352363 2599895.17793684 6402117.47389404 2165012.12903404 1170000 2580000 4242400
1984-02-12 2 28 12 1984 15294154.763016 3521502.77710132 535970.085018295 621063 3825766.32553015 2536032.75910993 6230279.47605261 2142514.37171257 1107500 2542500 4205550
1984-02-19 2 29 19 1984 15093306.1322675 3291841.03143963 527282.523407042 576165 3746618.2473523 2474732.01868524 5984628.55849556 2118874.21537626 1045000 2505000 4168700
1984-02-26 2 30 26 1984 14949987.9142781 3115121.8907298 517097.940668815 531268 3647480.52618946 2415410.73578614 5710374.87741595 2084653.18885172 982500 2467500 4131850
1984-03-04 3 31 4 1984 14927610.03 3084899.644 514711.9254 486370 3599210 2389368.014 5217300 2067950 920000 2430000 4095000
1984-03-11 3 32 11 1984 14930882.77 3128611.03489 488000 402130 3570250 2371352.38054 4856247.19847379 2067950 857500 2400000 4072500
1984-03-18 3 33 18 1984 14934155.5 3201838.91328 495000 317890 3543140 2361553.6143 4775316.22678575 2067950 795000 2370000 4050000
1984-03-25 3 34 25 1984 14937428.24 3246552.908 502000 233650 3517210 2350988.063 4875419.82329564 2067950 732500 2340000 4027500
1984-04-01 4 35 1 1984 14955998.844101 3315436.94125474 508553.913101 149410 3531581.12661947 2339519.88196 3921900 2124293.41205804 670000 2310000 4005000
1984-04-08 4 36 8 1984 14968841.53 3406619.391 518250 160714.3621202 3482500 2332401.01577 3921900 2142950 612500 2282500 3976880
1984-04-15 4 37 15 1984 14990486.2 3406619.391 526017.01359 187259.915349931 3476630 2330948.29955 3921900 2142950 555000 2255000 3948750
1984-04-22 4 38 22 1984 15025122.65 3679683.62262646 536750 221103 3473260 2458280.23165 3921900 2142950 497500 2227500 3920630
1984-04-29 4 39 29 1984 15075500 3727300 553400 245000 3604081.58480661 2542110.26389 3921900 2142950 443000 2200000 3892500
1984-05-06 5 40 6 1984 15156190.0957238 3727300 553400 267000 3753344.76369866 2585437.77744 3921900 2207289.1379 1030935.8886338 2243915.4997 3962400
1984-05-13 5 41 13 1984 15238111.936769 3727300 553400 289000 3910244.48799866 2667111.14387 3921900 2238000 1183000 2351200 4032300
1984-05-20 5 42 20 1984 15366413.9636589 3727300 553400 311000 4212911.19232964 2883847.23737629 3935372.16064562 2457362.4974 1420000 2426800 4102200
1984-05-27 5 43 27 1984 15526570.237288 3849594.26496546 553400 332402.927550181 4503500.96697744 3018309.47457629 5557438.68165461 2671439.0408 1420000 2502400 4172100
1984-06-03 6 44 3 1984 15764835.1736277 3933915.34311372 553400 354250.53000804 4812802.05432489 3224622.10107629 6881079.46438326 2958063.45698922 1420000 2578000 4242000
1984-06-10 6 45 10 1984 16089223.1332442 3785164.72212289 553400 386074.226512602 5096278.22707411 3345994.68317629 9107300 3195949.38688922 1420000 2577900 4242100
1984-06-17 6 46 17 1984 16712059.0906964 4503524.61507758 553400 415500 5417425.57113563 3472036.63437629 9107300 3400886.69641757 1420000 2577800 4242200
1984-06-24 6 47 24 1984 17347902.9837337 5332450.30865408 553400 446750 5769919.27347013 3647000 9107300 3467950 1420000 2577700 4242300
1984-07-01 7 48 1 1984 18382491.8836302 5974487.19171044 730339.9054 480000 5855100 3647000 9107300 3467950 1420000 2577600 4242400
1984-07-08 7 49 8 1984 19402326.3753397 7048800.76752999 928532.4992 507303 5850676.60684255 3647000 9103549.35147221 3467481.43068224 1420000 2577600 4242400
1984-07-15 7 50 15 1984 19826277.6500582 7292299.96429468 1045092.4569 534605 5809464.22553617 3647000 9064381.01152449 3466162.61448302 1420000 2577600 4242400
1984-07-22 7 51 22 1984 19755034.8850868 7304733.53476672 1182189.1415 561908 5820754.79555491 3643046.02377355 9018226.14969854 3376701.79943225 1420000 2577600 4242400
1984-07-29 7 52 29 1984 19568416.6430082 7327300 1287637.1814 589210 5672683.92542319 3547304.36101415 8943289.27415904 3259641.36482781 1420000 2577600 4242400
1984-08-05 8 1 5 1984 20075520 7327300 1416244.9674 589210 5404825.32655948 3364989.18655243 8717990.12185265 3157912.80867833 1420000 2577600 4242400
1984-08-12 8 2 12 1984 20075520 7327300 1423400 589210 5211390.16545248 3252875.16185503 8661144.67446671 3012009.88460165 1420000 2577600 4242400
1984-08-19 8 3 19 1984 20075520 7327300 1423400 589210 4975000 3166000 8316000 2832583.3286466 1337954.26816046 2577600 4242400
1984-08-26 8 4 26 1984 20075520 7327300 1423400 589210 4975000 3150148.64030227 8316000 2661037.25131426 1220319.32958521 2577600 4242400
1984-09-02 9 5 2 1984 19932708.3621677 7297069.81013162 1420284.26849813 589210 5024613.10279318 3130461.98785022 8597651.35961675 2593569.27240837 1337385.83082171 2577600 4242400
1984-09-09 9 6 9 1984 19978451.5045227 7260157.04210361 1416385.85647794 601908 5062652.71349127 3110720.55775526 8697532.36708325 2563552.79871816 1420000 2577600 4242400
1984-09-16 9 7 16 1984 19953144.3268822 7242160.83083248 1413001.52729525 614605 5103383.51879427 3097696.02036945 8863266.43704109 2524336.13320894 1420000 2577600 4242400
1984-09-23 9 8 23 1984 19933718.8517061 7228186.73896373 1410957.07262715 611314.409518313 5127042.66414318 3081370.74411762 8746895.52354757 2484990.68671275 1420000 2577600 4242400
1984-09-30 9 9 30 1984 19907676.6618071 7209561.54007415 1407636.60433446 632189.770882119 5140180.1611001 3054725.47546102 8734263.45189574 2451570.75740362 1420000 2577600 4242400
1984-10-07 10 10 7 1984 19753585.3111443 7066077.86015735 1400948.20930666 605995.084081309 5111365.03280204 3064248.41487102 8535790.70728528 2402247.80819146 1420000 2577600 4242400
1984-10-14 10 11 14 1984 19591479.2097435 6903394.83040393 1390942.42576149 579262.611411309 5055134.14186068 3053955.76511102 8294545.07117921 2352882.21803925 1420000 2577600 4242400
1984-10-21 10 12 21 1984 19425948.6407767 6812189.82813947 1381765.88432407 566272.142953344 5012503.24534453 3042960.57002102 8166839.30854723 2315652.23488209 1420000 2577600 4242400
1984-10-28 10 13 28 1984 19217677.8914707 6627241.60364254 1369083.76655547 537790.601013344 4947185.84139029 3026411.25964102 7942312.7982109 2275088.7014332 1420000 2577600 4242400
1984-11-04 11 14 4 1984 19200644.3380935 6607766.27136586 1378876.04711166 522401.076083344 4959670.62273963 3008201.72094102 7910953.16833488 2265921.13468422 1420000 2577600 4242400
1984-11-11 11 15 11 1984 18659965.7571735 5697420.16338574 1259380.8807612 506131.003033344 4802663.96617377 2991956.67577102 7940495.16812547 2187703.13276063 1420000 2577600 4242400
1984-11-18 11 16 18 1984 18118616.9978235 5495814.27 1231738.365 499135.288823344 4736130 2988120.75293102 7978085.98888064 2159860 1420000 2577600 4242400
1984-11-25 11 17 25 1984 17956178.96 5495814.27 1231738.365 477322.955713344 4710640 2970764.77297102 8040773.2369558 2152420 1420000 2577600 4242400
1984-12-02 12 18 2 1984 17956178.96 5495814.27 1023400 750000 3855100 2951113.14841102 8429479.84278675 2144980 1420000 2577600 4242400
1984-12-09 12 19 9 1984 17400995.28045 5548392.77955 932182.246555495 766683 3855100 2931586.49209102 7996102.39650436 2145396.70491765 1420000 2577600 4242400
1984-12-16 12 20 16 1984 16845382.58855 5599169.46905 874335.681045692 780512.58431 3855100 2910863.92060102 7495195.95279197 2138931.66264968 1420000 2577600 4242400
1984-12-23 12 21 23 1984 16510621.93 5647361.92932 873125.9714 790499.41092 3855100 2888934.91765102 6978824.61710957 2132474.39519968 1420000 2577600 4242400
1984-12-30 12 22 30 1984 16510621.93 5693126.71555 873125.9714 797665.70196 3855080 2865819.72937102 6442903.18742718 2123522.84919968 1420000 2577600 4242400
1985-01-06 1 23 6 1985 16342258.4234709 5398029.3589413 688400 786576 3880805.87744477 2818181.89662848 6123656.06668296 2123552.92720968 1370000 2578080 4242400
1985-01-13 1 24 13 1985 16181309.2940192 5113992.46364741 688400 756422 3898046.85866246 2770132.38602842 5633254.45067873 2123729.88698989 1320000 2578560 4242400
1985-01-20 1 25 20 1985 16023315.9793328 4833067.29735715 688400 726268 3905641.70487021 2720647.72778196 5134226.9049245 2122375.49189351 1270000 2579040 4242400
1985-01-27 1 26 27 1985 15864523.7772354 4548732.68263587 688400 696114 3902172.04170777 2669268.65447488 4631452.43545028 2119334.29498427 1220000 2579520 4242400
1985-02-03 2 27 3 1985 15702153.3448957 4265531.4125263 353400 665960 3887204.37402941 2616955.16981837 4431905.00064367 2113105.46779747 1170000 2580000 4242400
1985-02-10 2 28 10 1985 15483706.1776944 3953059.48876469 353400 621063 3850655.43986418 2558378.59092658 3921900 2103466.79206638 1132500 2542500 4205550
1985-02-17 2 29 17 1985 15298023.5398267 3680994.27607528 353400 576165 3803780.84479024 2500348.97119237 3921900 2094032.31354937 1095000 2505000 4168700
1985-02-24 2 30 24 1985 15131424.361924 3426773.43793551 353400 531268 3738749.58151857 2444521.31111487 3921900 2084641.57288132 1057500 2467500 4131850
1985-03-03 3 31 3 1985 14992030.6241007 3199386.20512318 353400 486370 3650595.50388684 2398772.6303006 3921900 2067950 1020000 2430000 4095000
1985-03-10 3 32 10 1985 14930882.77 3229088.40809318 353400 402130 3570250 2376574.697 3921900 2060479.79057 995000 2400000 4072500
1985-03-17 3 33 17 1985 14934155.5 3246552.908 353400 317890 3543140 2356657.01498 3921900 2057434.40263 970000 2370000 4050000
1985-03-24 3 34 24 1985 14937428.24 3246552.908 353400 233650 3517210 2350988.063 3921900 2067950 945000 2340000 4027500
1985-03-31 3 35 31 1985 14940700.97 3246552.908 353400 149410 3490000 2338194.746 3929932.90607315 2067950 920000 2310000 4005000
1985-04-07 4 36 7 1985 14968841.53 3315178.93004 353400 152613.38779 3482500 2344468.66018 3921900 2137011.92174 895000 2282500 3976880
1985-04-14 4 37 14 1985 14990486.2 3406619.391 353400 197205 3476630 2418845.25794 3921900 2142950 870000 2255000 3948750
1985-04-21 4 38 21 1985 15029590.4958819 3722921.48076396 353400 221103 3483238.94968658 2644820.21523234 4840124.58918435 2142950 845000 2227500 3920630
1985-04-28 4 39 28 1985 15077062.4486719 3727300 353400 245000 3536314.48735219 2686445.83319234 5104300 2142950 820000 2200000 3892500
1985-05-05 5 40 5 1985 15211119.7837569 3727300 353400 267000 3745804.60553765 2903181.94723062 4572412.83710792 2382446.92834384 1183000 2275600 3962400
1985-05-12 5 41 12 1985 15427591.8859061 3727300 353400 289000 4009563.76050165 3059459.56903062 5472928.14575888 2600201.0365329 1420000 2351200 4032300
1985-05-19 5 42 19 1985 15625681.1590641 3727300 353400 311000 4209636.0013423 3168588.06423062 5607631.00516474 2762971.14225253 1420000 2426800 4102200
1985-05-26 5 43 26 1985 16384626.865174 3727300 353400 333000 4625907.0898423 3330327.79168227 6403478.67516448 3063814.85826253 1420000 2502400 4172100
1985-06-02 6 44 2 1985 17140390.933474 3727300 353400 355000 5030243.577798 3513000.33588227 8741986.32207322 3338546.53178734 1420000 2578000 4242000
1985-06-09 6 45 9 1985 17794918.4566286 3923853.70688126 353400 385756.547005148 5456659.77427605 3647000 9107300 3467950 1420000 2577900 4242100
1985-06-16 6 46 16 1985 18378162.8015213 3757425.73494249 353400 417500 5855100 3647000 9107300 3467950 1420000 2577800 4242200
1985-06-23 6 47 23 1985 19191182.490619 3727300 353400 448750 5855100 3647000 9107300 3440674.77934314 1420000 2577700 4242300
1985-06-30 6 48 30 1985 19742805.0263377 3727300 353400 480000 5744054.96880249 3586310.69196 9007459.14874834 3266783.38973473 1401072.07894527 2577600 4242400
1985-07-07 7 49 7 1985 20075520 4900570.41094726 544534.1002 507303 5079213.95116615 3217933.50105837 8403036.44473976 2957099.4182279 1304625.39403127 2577600 4242400
1985-07-14 7 50 14 1985 19774295.1234351 6046499.77294566 712175.3747 534605 4975000 3166000 8316000 2592807.73272474 1197766.34972727 2577600 4242400
1985-07-21 7 51 21 1985 19497953.92 6543298.12988735 776401.25071 561908 4975000 3166000 8316000 2238000 1101689.59833527 2577600 4242400
1985-07-28 7 52 28 1985 19220743.4695026 6799620.94513405 820012.74201 586525.38823295 4975000 3166000 8151514.35520062 2206869.70342324 1044919.97313807 2577600 4242400
1985-08-04 8 1 4 1985 19278805.0571504 7039168.15159345 867999.2577 580649.53753277 4975000 3166000 7989849.03759901 2209390.83511159 1144364.73058167 2577600 4242400
1985-08-11 8 2 11 1985 19484629.9971158 7251441.56526643 952930.222892166 580472.159243825 4973457.60381058 3162477.69814057 7702617.27256813 2207034.6667127 1144318.87936157 2577600 4242400
1985-08-18 8 3 18 1985 19593849.1540515 7257182.74031208 1024599.80517694 581764.507970865 4971242.41384646 3163528.57120978 7934548.52865138 2218484.81090667 1060632.36785187 2577600 4242400
1985-08-25 8 4 25 1985 19687724.1920218 7251453.75813635 1100611.48737899 589210 4962468.51310201 3157757.82637087 7983143.8655614 2217100.64992638 966905.976613469 2577600 4242400
1985-09-01 9 5 1 1985 19598759.476057 7212609.15120435 1128252.76438175 585087.86653954 4979994.69000642 3122488.45734852 8054455.64081457 2198044.40090456 876048.451947869 2577600 4242400
1985-09-08 9 6 8 1985 19591760.8876414 7162012.21873904 1166480.55246036 539887.7964292 4980551.82590759 3097400.18562465 7598763.1856063 2180560.55971727 881766.029430069 2577600 4242400
1985-09-15 9 7 15 1985 19659857.9944232 7192031.23942638 1231274.39411913 593773.9536092 4935211.22901496 3123361.76996689 7456933.21011228 2200322.375273 1177290.88906937 2577600 4242400
1985-09-22 9 8 22 1985 19717973.2402855 7187270.07245235 1266092.15642632 627303 5005600.57058629 3156508.88602483 7713109.61269865 2218980.307637 1417763.41493511 2577600 4242400
1985-09-29 9 9 29 1985 19707372.7256931 7169525.60073664 1275237.43646862 610897.36412 5022149.85930307 3168781.03248114 7769899.19185711 2203531.87545504 1420000 2577600 4242400
1985-10-06 10 10 6 1985 19478803.3158895 6940916.31625697 1269483.67985844 584068.96531 4985675.02435272 3200664.39325114 7571241.62140799 2178197.43731068 1420000 2577600 4242400
1985-10-13 10 11 13 1985 19243508.0735311 6712454.49476972 1260498.69783596 607656.0465 4949499.44456121 3243093.11810114 7394658.78449287 2169862.28069572 1420000 2577600 4242400
1985-10-20 10 12 20 1985 19051660.8301454 6560052.97196562 1269429.28707889 638040.68497 4916804.55430863 3285363.00941114 7144272.20749691 2166361.72288702 1420000 2577600 4242400
1985-10-27 10 13 27 1985 18877313.1426761 6388626.31984097 1275804.82150587 675146.51759 4873118.6272944 3327505.14028114 7102394.05237701 2185100.34223137 1420000 2577600 4242400
1985-11-03 11 14 3 1985 18918947.8564178 6494753.63092672 1298123.48681587 7e+05 4949399.37333714 3364248.44222114 7340226.77311615 2212754.28548873 1420000 2577600 4242400
1985-11-10 11 15 10 1985 18369014.1982978 5689069.69416724 1246616.88223632 712500 4808790.69136827 3393113.71899114 7768833.00776216 2185273.18136386 1420000 2577600 4242400
1985-11-17 11 16 17 1985 17956178.96 5495814.27 1231738.365 725000 4736130 3395806.80302114 8177897.66316274 2159860 1420000 2577600 4242400
1985-11-24 11 17 24 1985 17956178.96 5495814.27 1231738.365 721422.22562 4710640 3394549.70763114 8250186.90321791 2152420 1420000 2577600 4242400
1985-12-01 12 18 1 1985 17956178.96 5495814.27 1231738.365 750000 3855100 3392443.43132114 8651521.91554552 2144980 1420000 2577600 4242400
1985-12-08 12 19 8 1985 17399262.9169 5536205.9233 1085636.75801775 766683 3855100 3389822.63242114 8161297.01377312 2147336.98353551 1420000 2577600 4242400
1985-12-15 12 20 15 1985 16842020.78097 5575306.43903 930349.712536358 783365 3855100 3386051.54601114 7643573.92937073 2141136.31347455 1420000 2577600 4242400
1985-12-22 12 21 22 1985 16510621.93 5613613.91446 873125.9714 800048 3855100 3381078.09205114 7102749.91246834 2135760 1420000 2577600 4242400
1985-12-29 12 22 29 1985 16510621.93 5650135.90305 873125.9714 816730 3855080 3374549.68235114 6546710.10703594 2129797.17326 1420000 2577600 4242400
1986-01-05 1 23 5 1986 16416259.3239973 5486832.57169534 871066.567540972 786576 3890031.16545414 3312227.78777763 5993560.93915172 2125172.44782813 1370000 2578080 4242400
1986-01-12 1 24 12 1986 16310520.8874395 5303876.40249768 837583.159336353 756422 3919397.75446948 3242610.76320453 5463988.53287846 2121615.68333076 1320000 2578560 4242400
1986-01-19 1 25 19 1986 16179608.4347323 5078415.00521186 756424.144072063 726268 3941824.30406657 3159264.74463743 4989396.32655059 2122982.59095235 1270000 2579040 4242400
1986-01-26 1 26 26 1986 15991068.7882027 4788316.19523798 671721.565241162 696114 3939352.13282572 3049788.97547561 4568641.55436875 2123993.36624203 1220000 2579520 4242400
1986-02-02 2 27 2 1986 15823313.534738 4504306.56327223 586690.520447505 665960 3926386.61821799 2946964.01900406 4177215.87390019 2122463.88552943 1170000 2580000 4242400
1986-02-09 2 28 9 1986 15649519.1793778 4238350.17881921 479650 621063 3908791.75501174 2853771.98795803 3921900 2120972.90626593 1132500 2542500 4205550
1986-02-16 2 29 16 1986 15501074.4924431 4009754.10591155 370900 576165 3883599.2926634 2764545.09896581 3921900 2114186.04832105 1095000 2505000 4168700
1986-02-23 2 30 23 1986 15423379.6612102 3893426.99197079 262150 531268 3877671.45976587 2711919.24865277 3921900 2160861.09565993 1057500 2467500 4131850
1986-03-02 3 31 2 1986 15384378.1160731 3842367.1047551 153400 486370 3907322.60429035 2702321.34258586 4082033.81865387 2276137.5665066 1020000 2430000 4095000
1986-03-09 3 32 9 1986 15194678.9483149 3604084.49012619 153400 402130 3789571.44033405 2572342.95934666 4514563.4249674 2252651.80911945 995000 2400000 4072500
1986-03-16 3 33 16 1986 15062284.0563963 3437306.72840814 153400 317890 3680728.89765981 2467828.33091136 5099717.52727887 2208964.53834777 970000 2370000 4050000
1986-03-23 3 34 23 1986 14937428.24 3246552.908 153400 233650 3517210 2350988.063 5360524.64291872 2105660 945000 2340000 4027500
1986-03-30 3 35 30 1986 14940700.97 3246552.908 153400 149410 3490000 2338194.746 5458949.83238177 2116620 920000 2310000 4005000
1986-04-06 4 36 6 1986 14984246.46375 3368967.87365 153400 173308 3645127.83451283 2477645.9592 5004630 2321874.71019046 882500 2282500 3976880
1986-04-13 4 37 13 1986 15039358.21667 3502498.65163 153400 197205 3800192.31378596 2575494.3081 5004630 2523512.59808469 845000 2255000 3948750
1986-04-20 4 38 20 1986 15080785.4857303 3620452.50392 153400 221103 3897856.71537985 2614817.80256 5004630 2606587.46588518 807500 2227500 3920630
1986-04-27 4 39 27 1986 15133682.8971951 3727300 153400 245000 3951881.53580034 2691083.77129 5004630 2680862.27514481 770000 2200000 3892500
1986-05-04 5 40 4 1986 15209054.6511594 3727300 153400 267000 4086845.87768828 2753051.13403601 4862738.11149956 2704018.47410115 1227813.76946643 2275600 3962400
1986-05-11 5 41 11 1986 15362048.5213416 3727300 153400 289000 4385479.21478828 2982606.994536 4737908.45740818 2912340.83720115 1420000 2351200 4032300
1986-05-18 5 42 18 1986 15491000.7853416 3727300 153400 311000 4583785.96799629 3044157.447146 5195253.65334645 2997282.34560115 1420000 2426800 4102200
1986-05-25 5 43 25 1986 15759911.3431402 3727300 153400 333000 4940286.29794678 3166000 5087510.94255839 3133021.86670115 1420000 2502400 4172100
1986-06-01 6 44 1 1986 16317934.087203 3727300 153400 355000 5392888.39436241 3378843.00532527 5820620.12330924 3276568.08430738 1420000 2578000 4242000
1986-06-08 6 45 8 1986 17266787.1376782 3727300 153400 386250 5816790.18031269 3591431.1047352 9072855.55014366 3421278.18900729 1420000 2577900 4242100
1986-06-15 6 46 15 1986 18160728.8463997 4760164.90656706 153400 417500 5855100 3647000 9107300 3463022.29071006 1420000 2577800 4242200
1986-06-22 6 47 22 1986 18854770.2251799 4344466.70161659 153400 448750 5855100 3647000 9107300 3458827.43318758 1420000 2577700 4242300
1986-06-29 6 48 29 1986 19560588.2644337 3727300 153400 480000 5855100 3647000 9107300 3340729.88364145 1420000 2577600 4242400
1986-07-06 7 49 6 1986 19864191.6756242 4904458.47456081 352192.583 507303 5480930.85745937 3442505.78620379 8770883.63539098 3129417.0339396 1382538.92132469 2577600 4242400
1986-07-13 7 50 13 1986 19532206.414973 5761376.50938077 465376.3609 534605 5379253.91468833 3345116.64507371 8771485.31116256 2972426.88574713 1369336.56608713 2577600 4242400
1986-07-20 7 51 20 1986 19528519.3877129 6169268.45965525 571859.8301 561908 4975000 3166000 8316000 2735023.49095956 1242397.98855271 2577600 4242400
1986-07-27 7 52 27 1986 19441233.0670605 6526111.3306283 648714.55183 589210 4975000 3166000 8231857.11521609 2515378.22910396 1183000 2577600 4242400
1986-08-03 8 1 3 1986 19737577.772875 6877729.4145709 723645.63392 589210 4975000 3166000 8183475.21084379 2351533.46660393 1183000 2577600 4242400
1986-08-10 8 2 10 1986 19893852.0278377 7198371.00340912 818817.69425 575522.67580668 4975000 3166000 8006039.87737727 2238000 1183000 2577600 4242400
1986-08-17 8 3 17 1986 19819191.6165698 7268571.03878372 893545.823994974 559473.38338287 4970348.12306157 3162940.38083908 8087501.6448326 2227112.30741619 1167074.632165 2577600 4242400
1986-08-24 8 4 24 1986 19772503.7369852 7241332.09596247 933083.423862552 541727.14764842 4951991.62608106 3138906.24795153 8008322.55004747 2210412.31728148 1156979.7887615 2577600 4242400
1986-08-31 8 5 31 1986 19680879.6622112 7220932.01173033 974826.963418824 517566.13372663 4939595.99362221 3106192.24959647 7787941.77929005 2190813.39728401 1183000 2577600 4242400
1986-09-07 9 6 7 1986 19755893.5283741 7190948.07557032 1032804.89576226 530978.24758908 4932143.46321007 3082936.02741227 7430081.35262159 2170194.70683827 1228597.9457135 2577600 4242400
1986-09-14 9 7 14 1986 19710276.7389182 7143853.34489112 1047993.28225701 507669.56510879 4962619.09114356 3069252.56782003 7229007.57271004 2147235.92673711 1314264.2188957 2577600 4242400
1986-09-21 9 8 21 1986 19631856.7385421 7057399.93030187 1059554.97895092 518618.154943734 4959428.09703655 3038133.03248914 7189369.4135122 2126725.92932053 1412760.7161318 2577600 4242400
1986-09-28 9 9 28 1986 19583726.4494855 7041310.17932773 1083444.24024642 513780.012923734 4961429.99821619 3018089.55998913 7033840.99958987 2113640.45414995 1420000 2577600 4242400
1986-10-05 10 10 5 1986 19454857.0599542 6820062.29141511 1095959.68308683 543800.512123734 4979210.76123551 3035212.33086913 7089057.78932323 2106675.86524598 1420000 2577600 4242400
1986-10-12 10 11 12 1986 19285599.2096823 6640334.26183208 1098363.96251449 549068.842263734 4962159.99029267 3051957.05909913 6955801.9352483 2082308.21157518 1420000 2577600 4242400
1986-10-19 10 12 19 1986 19044937.8887324 6386452.55918336 1085345.24523734 516103.698160074 4900051.76118536 3047714.26232913 6799546.8423187 2053103.62856384 1420000 2577600 4242400
1986-10-26 10 13 26 1986 18805396.119888 6098972.88364101 1067475.41373988 476333.738574163 4821989.57807095 3031454.96511913 6557879.20873521 2020158.00404339 1420000 2577600 4242400
1986-11-02 11 14 2 1986 18864316.0636135 6188885.59137244 1104598.80143988 534662.588354163 4869863.80559449 3039741.67196913 6181068.62889955 2017600.14742339 1420000 2577600 4242400
1986-11-09 11 15 9 1986 18351711.7026135 5495814.27 1122066.48196968 566666.352834163 4761620 3050915.99556913 6167011.80178295 2011516.6647558 1420000 2577600 4242400
1986-11-16 11 16 16 1986 17956178.96 5495814.27 1131060.55515389 553866.806024163 4736130 3045330.35240913 6114627.88871278 1997035.85559664 1420000 2577600 4242400
1986-11-23 11 17 23 1986 17956178.96 5495814.27 1147504.83358389 531414.108314163 4710640 3037972.44129913 5986883.91138528 1994783.09870664 1420000 2577600 4242400
1986-11-30 11 18 30 1986 17956178.96 5495814.27 1164715.80470389 565752.995874163 4685160 3036874.35845913 6038160.60824941 2008154.56235664 1420000 2577600 4242400
1986-12-07 12 19 7 1986 17396593.85225 5501864.48258464 971071.480857561 766683 3841201.03632236 3024814.70704913 6399928.02540893 2019805.15717448 1420000 2577600 4242400
1986-12-14 12 20 14 1986 16836272.11375 5511519.25738656 873125.9714 777049.86963236 3846061.74079823 3010750.16421913 5913919.21854311 2018655.93826164 1420000 2577600 4242400
1986-12-21 12 21 21 1986 16510621.93 5513634.52968173 873125.9714 787929.945660593 3842422.95835407 2995200.92477913 5374717.9917388 2011491.38313166 1420000 2577600 4242400
1986-12-28 12 22 28 1986 16474666.3073329 5501467.44810581 873125.9714 794421.554214662 3829142.14863275 2978445.15148913 4801755.27744591 1997942.24995496 1420000 2577600 4242400
1987-01-04 1 23 4 1987 16237353.4551299 5146459.55561569 854136.546988279 772531.616334662 3846782.43435847 2898247.47908229 4273876.65562657 1984010.28856339 1370000 2578080 4242400
1987-01-11 1 24 11 1987 15998789.1670837 4779827.12661825 818812.684604611 756422 3851922.58720198 2815951.40855206 3921900 1968411.80587676 1320000 2578560 4242400
1987-01-18 1 25 18 1987 15764607.1130071 4406391.46724331 745064.363038807 726268 3845089.32664471 2734593.41064707 3921900 1951837.71291125 1270000 2579040 4242400
1987-01-25 1 26 25 1987 15546288.3316526 4037988.45664834 669306.97807119 696114 3828117.23619518 2654729.01822264 3921900 1935877.11067832 1220000 2579520 4242400
1987-02-01 2 27 1 1987 15326268.5728078 3662290.47318467 581570.819077101 665960 3789337.31741761 2572259.30672253 3921900 1920427.15123543 1170000 2580000 4242400
1987-02-08 2 28 8 1987 15009917.4943062 3226002.96769456 472684.637548412 621063 3710809.18461165 2483931.39745548 3921900 1906416.26048802 1132500 2542500 4205550
1987-02-15 2 29 15 1987 14927610.03 3084899.644 366635.410190905 576165 3656140 2436000 3921900 1896810.62874667 1095000 2505000 4168700
1987-02-22 2 30 22 1987 14910862.2516207 3084899.644 260880.426000801 531268 3627670 2405082.85307454 3921900 1889049.97306636 1057500 2467500 4131850
1987-03-01 3 31 1 1987 14915013.0457086 3084899.644 153265.962170699 486370 3599210 2380497.97347976 3921900 1879288.21920468 1020000 2430000 4095000
1987-03-08 3 32 8 1987 14930882.77 3158263.08485 153400 402130 3570250 2376574.697 3921900 1932204.11126468 1020000 2400000 4072500
1987-03-15 3 33 15 1987 14934155.5 3246552.908 153400 317890 3543140 2363781.38 4087648.70245692 2009111.33078735 1020000 2370000 4050000
1987-03-22 3 34 22 1987 14937428.24 3246552.908 153400 233650 3517210 2350988.063 4428413.40720771 2070370.31657015 1020000 2340000 4027500
1987-03-29 3 35 29 1987 14940700.97 3246552.908 153400 149410 3490000 2338194.746 4577415.53513472 2108958.81492015 1020000 2310000 4005000
1987-04-05 4 36 5 1987 14968841.53 3309526.76883 153400 173308 3482500 2352343.11551 4360122.22247616 2164632.63687739 1038750 2282500 3976880
1987-04-12 4 37 12 1987 14990486.2 3406619.391 153400 197205 3476630 2418579.43371 4558142.73252964 2238000 1057500 2255000 3948750
1987-04-19 4 38 19 1987 15025122.65 3624942.20506023 153400 221103 3473260 2520544.94426441 5224323.33229398 2238000 1076250 2227500 3920630
1987-04-26 4 39 26 1987 15053263.21 3741430.077 153400 245000 3469890 2630479.52045767 5942688.45683334 2238072.74165069 1095000 2200000 3892500
1987-05-03 5 40 3 1987 15290211.6561 4220625.77167494 153400 267000 3901293.79239241 2867523.44795767 5841339.32223089 2478779.38653485 1366094.4851686 2275600 3962400
1987-05-10 5 41 10 1987 15660169.6617 4577300 153400 289000 4409761.309515 3040051.68025767 7313264.16234342 2582164.21497098 1420000 2351200 4026550.45462641
1987-05-17 5 42 17 1987 16467989.7183203 4577300 153400 311000 4983585.9547713 3142616.19640812 8819771.55835133 2413273.5462738 1284348.82302372 2426800 4024254.55194454
1987-05-24 5 43 24 1987 16840208.9280203 4577300 153400 333000 5480939.7438083 3178279.03127812 9107300 2238000 1183000 2502400 4172100
1987-05-31 5 44 31 1987 17374736.1960153 4577300 153400 355000 5801778.05220657 3237327.83845758 8472534.8959019 2238000 1183000 2578000 4242000
1987-06-07 6 45 7 1987 17980931.8947598 4577300 153400 386250 5542645.73910826 3262908.89306222 8826371.63203768 2289116.03863893 1420000 2577900 4242100
1987-06-14 6 46 14 1987 18952609.0104985 4577300 153400 417500 5421667.38259953 3237199.14052513 8717599.70440973 2274558.09825626 1355327.11714732 2577800 4242200
1987-06-21 6 47 21 1987 20017428.0999197 4577300 153400 448750 5314587.07185484 3216695.06669058 8665201.16687739 2238000 1211428.30897365 2577700 4242300
1987-06-28 6 48 28 1987 20075520 4577300 153400 480000 5500146.79331068 3238584.47287825 9008237.42320161 2221390.89671937 1089368.25839085 2577600 4242400
1987-07-05 7 49 5 1987 19764952.3523294 5558523.4207008 305656.3261 507303 4975000 3166000 8316000 2188708.71344135 974256.395485852 2577600 4242400
1987-07-12 7 50 12 1987 19536174.6875294 6950291.11786423 440155.9655 534605 4975000 3166000 7952010.9802435 2153812.58957594 885213.479935252 2577600 4242400
1987-07-19 7 51 19 1987 19362161.2462945 7250000 494850.70349 561908 4975000 3166000 7909709.75736174 2119906.27265699 825961.172633252 2577600 4242400
1987-07-26 7 52 26 1987 19109735.574778 7327300 546887.53309 589210 4975000 3166000 7809883.8491893 2102350.68124618 962613.151424081 2577600 4242400
1987-08-02 8 1 2 1987 19357699.1847688 7264342.30308166 611949.26311 589210 4975000 3166000 8239360.07557333 2091808.79570209 983604.595639882 2577600 4242400
1987-08-09 8 2 9 1987 19735174.252812 7263370.80853921 691374.247922214 589210 4969479.05307142 3162301.09219559 8168091.21039659 2077711.37796783 847965.907850881 2577600 4242400
1987-08-16 8 3 16 1987 19813593.4487876 7265361.6782788 761569.386713787 573529.72940964 4968230.33115498 3161547.47281894 8084910.51093025 2063925.37913602 722535.037490482 2577600 4242400
1987-08-23 8 4 23 1987 19821238.8266755 7269817.10092342 833880.273133913 589210 4971197.77863004 3163499.21386323 8311899.73717777 2052630.49477736 654818.514368982 2577600 4242400
1987-08-30 8 5 30 1987 19787215.5443542 7249739.36072759 863645.049031161 583176.0978514 4957603.59103447 3154588.80525652 8297290.32432002 2035144.91267598 578163.333897282 2577600 4242400
1987-09-06 9 6 6 1987 19782836.7345101 7172471.57353839 888841.495193899 557093.40429263 4927656.73296901 3103314.23076264 8072418.35466817 2004812.89173173 557111.841271382 2577600 4242400
1987-09-13 9 7 13 1987 19724276.1551387 7105114.42361162 900634.657180759 541047.12118531 4912550.1585987 3042087.02672056 7811416.78270419 1972447.11283124 518580.661829382 2577600 4242400
1987-09-20 9 8 20 1987 19706139.818546 7049283.81573044 926173.00993742 511062.4946825 4896410.28214469 2977659.92855834 7413459.39397183 1940158.93557271 467103.303982182 2577600 4242400
1987-09-27 9 9 27 1987 19578998.2149038 6942006.06275761 935013.90738672 481716.64191589 4865005.47636198 2905802.70071637 7191055.96391682 1906821.39497196 443000 2577600 4242400
1987-10-04 10 10 4 1987 19363724.6530179 6721169.78409166 947101.001311813 483005.4263444 4850156.53094253 2892205.10298823 6839345.83869107 1877361.1072818 443931.1682053 2577600 4242400
1987-10-11 10 11 11 1987 19079575.5719057 6441300.73613003 937185.502524411 438531.4956578 4799562.2064555 2865331.64536006 6656097.29714233 1848455.09623214 488031.379392442 2577600 4242400
1987-10-18 10 12 18 1987 18812999.1169811 6133287.70534183 924954.365109425 387565.109335167 4739980.69747121 2843758.91272006 6370389.73141946 1818832.55353231 532922.24793061 2577600 4242400
1987-10-25 10 13 25 1987 18606440.8915601 5986502.94923296 910190.891790576 344501.623685408 4668743.10327572 2817897.39520006 6092314.2085275 1788603.84452944 587625.289065593 2577600 4242400
1987-11-01 11 14 1 1987 18661268.5005101 6015683.232 926818.413420576 298731.078341285 4708821.85309694 2789537.09660006 5844397.31519634 1768239.82141944 638267.842699699 2577600 4242400
1987-11-08 11 15 8 1987 18171722.8840101 5495814.27 954249.071090576 291028.766181285 4754613.41328694 2766573.60496006 5494226.95185885 1746470.09685944 664381.898079699 2577600 4242400
1987-11-15 11 16 15 1987 17956178.96 5495814.27 970137.920920576 261945.464981285 4736130 2740798.04845006 5308806.50859135 1727538.91373644 785143.8210097 2577600 4242400
1987-11-22 11 17 22 1987 17956178.96 5495814.27 982938.006580576 245147.090201285 4710640 2716898.62946006 5143673.94344385 1709309.99770244 857361.852139699 2577600 4242400
1987-11-29 11 18 29 1987 17956178.96 5495814.27 994114.721010576 203571.783131285 4685160 2692384.95789006 4935483.01027635 1688325.15792344 826404.999279699 2577600 4242400
1987-12-06 12 19 6 1987 17405831.54282 5542436.64538 922964.648703659 766683 3855100 2673908.38169006 4602514.85280464 1682823.40751344 863273.570879699 2577600 4242400
1987-12-13 12 20 13 1987 16853406.4154 5646592.687 873125.9714 783365 3855100 2665637.65923006 4257630.02373164 1712673.87415344 1020641.8760297 2577600 4242400
1987-12-20 12 21 20 1987 16510621.93 5572167.62639275 864751.168184897 798568.49292 3793214.46336643 2643965.46842006 3921900 1698010.68008752 1104965.3249097 2577600 4242400
1987-12-27 12 22 27 1987 16443189.5336242 5520923.78411611 860545.732968111 765781.509161 3779862.43244015 2620478.16597006 3921900 1679155.99888603 1123521.1010797 2577600 4242400
1988-01-03 1 23 3 1988 16181666.3554087 5107310.52659392 836696.472587723 732113.297949 3789087.78355376 2580166.83795648 3921900 1660767.36431572 1144347.3129997 2578080 4242400
1988-01-10 1 24 10 1988 15917631.3470898 4693030.10030279 811750.60207922 697745.048786 3799553.96403047 2539653.93508999 3921900 1642066.68649199 1166972.6940897 2578560 4242400
1988-01-17 1 25 17 1988 15651695.5304108 4265160.8465735 742844.271247884 720552.79369522 3795491.30820087 2495137.45460138 3921900 1629930.82551582 1264647.5150897 2579040 4242400
1988-01-24 1 26 24 1988 15357123.0652876 3780915.68520131 662904.037879359 696114 3761124.82690807 2433065.32025775 3921900 1613564.58149237 1220000 2579520 4242400
1988-01-31 1 27 31 1988 15118035.3871702 3294755.68574252 579068.843267525 665960 3724814.3872622 2378168.891675 3921900 1598099.30747821 1170000 2580000 4242400
1988-02-07 2 28 7 1988 14927610.03 3084899.644 474724.700888003 621063 3684600 2333662.95909469 3921900 1589221.36556206 1132500 2542500 4205550
1988-02-14 2 29 14 1988 14895650.4427263 3084899.644 367974.742924826 576165 3656140 2293869.56556009 3921900 1592388.77755892 1095000 2505000 4168700
1988-02-21 2 30 21 1988 14901591.6060563 3084899.644 262150 531268 3627670 2269947.98580009 3921900 1599689.36412892 1057500 2467500 4131850
1988-02-28 2 31 28 1988 14905251.041214 3084899.644 153359.835826037 486370 3599210 2249784.23710714 3921900 1613893.13559043 1020000 2430000 4095000
1988-03-06 3 32 6 1988 14909463.552334 3118488.66728 153400 402130 3570250 2239856.21153714 3921900 1651590.17570043 1020000 2400000 4072500
1988-03-13 3 33 13 1988 14913775.237744 3159892.20917 153400 317890 3543140 2219150.77494714 3921900 1658047.96326043 1020000 2370000 4050000
1988-03-20 3 34 20 1988 14917373.802744 3191000.17297 153400 233650 3517210 2201335.33984714 3921900 1658362.68363043 1020000 2340000 4027500
1988-03-27 3 35 27 1988 14925068.303784 3246552.908 153400 149410 3490000 2229557.22007714 3921900 1724751.25844043 1020000 2310000 4005000
1988-04-03 4 36 3 1988 14946524.764684 3292478.5603 153400 173308 3482500 2229818.18089714 3921900 1767616.59093936 1038750 2282500 3976880
1988-04-10 4 37 10 1988 14990486.2 3367865.2438 153400 197205 3476630 2248307.32810714 3921900 1804265.64020936 1057500 2255000 3948750
1988-04-17 4 38 17 1988 15025122.65 3488130.59907429 153400 221103 3473260 2339136.27353936 3921900 1920388.96988236 1076250 2227500 3920630
1988-04-24 4 39 24 1988 15277009.1841599 4078698.09327429 153400 245000 3730769.51555576 2466815.98953936 4959482.54760829 2091214.2812516 1095000 2200000 3892500
1988-05-01 5 40 1 1988 15427259.0201598 4552475.30437429 153400 267000 3856525.79013773 2523785.28207936 5070740.37560359 2163388.6880516 1183000 2273296.8556855 3962400
1988-05-08 5 41 8 1988 15573637.6323598 4577300 153400 289000 4036563.45510837 2621913.42737936 4937097.32385617 2235860.3190516 1183000 2351200 4032300
1988-05-15 5 42 15 1988 15987351.7379017 4577300 153400 311000 4345158.61539237 2835444.04827936 4641434.02248372 2238000 1183000 2426800 4102200
1988-05-22 5 43 22 1988 16404614.4327637 4577300 153400 333000 4639091.51191897 2966223.31929825 5904034.33792584 2283390.41130372 1272371.35933602 2502400 4172100
1988-05-29 5 44 29 1988 16883201.9970192 4577300 153400 355000 4913244.20122887 3072912.68089852 6068168.99605829 2326198.10013588 1330999.55557542 2578000 4242000
1988-06-05 6 45 5 1988 17327434.0450519 4577300 153400 386250 4975000 3166000 8031339.32940994 2467082.53253588 1420000 2577900 4242100
1988-06-12 6 46 12 1988 18030154.6622519 4577300 153400 417500 5256459.65816405 3234101.85020867 8911051.81955422 2509605.62967577 1420000 2577800 4242200
1988-06-19 6 47 19 1988 18664660.6725464 4577300 153400 448750 5547168.01952885 3293146.95801931 9107300 2458574.03227935 1376616.81171086 2577700 4242300
1988-06-26 6 48 26 1988 19578546.063509 4577300 153400 480000 5523483.73298157 3282354.01729493 8853362.47590729 2238000 1246495.35600496 2577600 4242400
1988-07-03 7 49 3 1988 19631524.0444172 5641580.71185581 306245.7939 507303 5109701.50931516 3192740.13573855 8442670.5315615 2229494.25831723 1183000 2577600 4231675.173059
1988-07-10 7 50 10 1988 19497953.92 6638736.10609722 452647.6614 534605 4975000 3166000 8316000 2211135.86712281 1047893.0897693 2577600 4162679.611877
1988-07-17 7 51 17 1988 19497953.92 7247993.265356 577121.1064 561908 4975000 3166000 8174987.36390232 2184061.94687656 885663.7477503 2577600 4126591.634469
1988-07-24 7 52 24 1988 19327988.9370529 7327300 647799.44337 589210 4975000 3166000 8316000 2149291.72802511 716089.1472517 2577600 4118151.236519
1988-07-31 7 52 31 1988 19131070.4891552 7327300 714593.43909 586667.10732169 4975000 3163290.45577985 8282550.18827424 2108304.23749093 536453.1448334 2577600 4119708.366163
1988-08-07 8 1 7 1988 19484357.2646784 7253110.94207521 873384.619461901 531555.67885899 4974623.62467588 3154882.96465635 8091843.23965157 2094317.56564868 443000 2577600 4121732.394274
1988-08-14 8 2 14 1988 19703516.3582575 7252619.11800587 928662.73312238 529026.5974829 4962664.51156972 3128525.37909128 8062512.15496822 2078309.96315499 435121.63058 2577600 4124558.71358
1988-08-21 8 3 21 1988 19781952.6248923 7246972.55881201 968416.073010209 504911.49431545 4955870.55556111 3095563.71273286 7853901.99901746 2060418.79768132 430328.99772 2577600 4124030.466939
1988-08-28 8 4 28 1988 19753288.1544474 7230429.87215239 999716.730149714 488667.85817837 4944601.91843213 3055267.12148198 7785484.48332913 2039284.19679691 424532.05481 2577600 4122102.631614
1988-09-04 9 5 4 1988 19604016.9280836 7188830.05497663 1013816.02656482 444565.85934571 4917385.6204919 2991257.02178059 7495679.30606627 2013146.78864788 438039.89242 2577600 4121487.92454
1988-09-11 9 6 11 1988 19622667.5621066 7080523.62167353 1028020.68395907 380457.56811646 4901307.94041787 2918503.85036643 7079976.92209396 1985156.09275984 443000 2577600 4119960.74314
1988-09-18 9 7 18 1988 19537074.6348487 7018934.3436464 1044553.51193098 321489.44876973 4885679.71717407 2851660.03843594 6804605.71691644 1956913.50604872 443000 2577600 4147287.5895625
1988-09-25 9 8 25 1988 19495176.5892697 7007266.15467152 1084282.21335364 342430.630136229 4897920.36637622 2810192.04644194 6462029.84552805 1930605.46218044 443000 2577600 4174679.5233565
1988-10-02 10 9 2 1988 19414764.9816028 7028891.07596343 1114535.702466 367525.584059087 4901186.40684299 2813098.31604994 6212460.59152701 1912968.84660021 443000 2577600 4210264.0244935
1988-10-09 10 10 9 1988 19237320.1856567 6836963.28235121 1116270.58693874 363054.844231411 4865026.78616021 2781284.55433994 6048538.14394051 1884989.58993512 443000 2577600 4242400
1988-10-16 10 11 16 1988 19007920.2390999 6523228.52492521 1118600.38738342 333751.517446857 4805473.0602045 2756110.10913994 5744818.3692351 1855451.36892832 443000 2577600 4242400
1988-10-23 10 12 23 1988 18844425.4020939 6432535.59730671 1127059.49706634 431667.772806857 4768811.30317143 2776678.20360994 5432011.89439475 1861919.06140229 443000 2577600 4242400
1988-10-30 10 13 30 1988 18720567.3033376 6074733.48541142 1116825.4850091 403656.559976857 4722603.85500462 2762859.06776994 5375203.97193311 1836516.48912837 443000 2577600 4242400
1988-11-06 11 14 6 1988 18791594.961765 6194240.54345837 1140618.9725391 399053.917946857 4773583.74580462 2768892.29749994 5087864.83714635 1841238.97053837 443000 2577600 4242400
1988-11-13 11 15 13 1988 18280071.084765 5495814.27 1164422.9870591 491576.837606857 4761620 2765150.79376994 5119008.68970152 1855148.00886837 502411.12408 2577600 4242400
1988-11-20 11 16 20 1988 17956178.96 5495814.27 1179121.7536191 472817.953606857 4736130 2743763.37366994 5097957.81276668 1843029.54019837 599657.33288 2577600 4242400
1988-11-27 11 17 27 1988 17956178.96 5495814.27 1195054.8045691 448024.674946857 4710640 2722354.37237994 5030144.54017727 1833888.45770837 660817.76498 2577600 4242400
1988-12-04 12 18 4 1988 17956178.96 5495814.27 1023400 750000 3855100 2701802.26285994 5299047.06107023 1817509.16586837 788523.84531 2577600 4242400
1988-12-11 12 19 11 1988 17399702.96922 5562524.08678 949593.103479614 766683 3855100 2683008.79650994 4743934.26461723 1798888.09421137 852969.90997 2577600 4242400
1988-12-18 12 20 18 1988 16843176.6348 5640281.7715 887839.851739923 773675.85787 3855100 2664778.71008994 4165551.47729424 1779292.31386937 904788.56868 2577600 4242400
1988-12-25 12 21 25 1988 16510621.93 5702377.08854 873125.9714 771670.91225 3855100 2642634.73289994 3921900 1758917.21002437 943166.15893 2577600 4242400
1989-01-01 1 22 1 1989 16510621.93 4938259.271 688400 816730 3855080 2619342.71046994 3921900 1739364.90892037 968718.048780001 2577600 4242400
1989-01-08 1 23 8 1989 16343292.5764528 4747104.03472558 688400 786576 3883336.62974588 2596856.82835994 3921900 1726143.00790037 1013044.47004 2578080 4242400
1989-01-15 1 24 15 1989 16147360.7527154 4512065.74898593 688400 756422 3896449.15258543 2572995.19051994 3921900 1712677.67733037 1056207.81194 2578560 4242400
1989-01-22 1 25 22 1989 15968503.219629 4309387.36539076 688400 726268 3903259.72102191 2547957.51197994 3921900 1699667.23584037 1087818.33221 2579040 4242400
1989-01-29 1 26 29 1989 15768551.4035534 4055607.5888152 688400 696114 3889777.40577809 2521819.80954994 3921900 1686330.03741037 1136267.53938 2579520 4242400
1989-02-05 2 27 5 1989 15568372.600096 3819738.42225154 353400 665960 3868512.04122691 2497653.13268994 3921900 1677687.16080037 1170000 2580000 4242400
1989-02-12 2 28 12 1989 15297453.4349077 3531402.9298908 353400 621063 3807151.09402955 2469060.57623994 3921900 1669801.53842037 1132500 2542500 4205550
1989-02-19 2 29 19 1989 15100919.6226159 3310088.62010246 353400 576165 3739279.22440947 2437496.49408211 3921900 1660978.89482037 1095000 2505000 4168700
1989-02-26 2 30 26 1989 14962556.5419082 3137177.37749194 353400 531268 3655343.63293312 2406764.53851211 3921900 1651969.97351037 1057500 2467500 4131850
1989-03-05 3 31 5 1989 14927610.03 3084899.644 353400 486370 3599210 2375807.28529211 3921900 1636859.16864037 1020000 2430000 4095000
1989-03-12 3 32 12 1989 14930882.77 3132434.49182 353400 402130 3570250 2347908.81285211 3921900 1632657.65418037 995000 2400000 4072500
1989-03-19 3 33 19 1989 14934155.5 3204792.83427 353400 317890 3543140 2331952.86528211 3921900 1678280.21949037 970000 2370000 4050000
1989-03-26 3 34 26 1989 14937428.24 3246552.908 353400 233650 3517210 2304121.12516211 3921900 1695730.55855037 945000 2340000 4027500
1989-04-02 4 35 2 1989 14940700.97 3246552.908 353400 149410 3490000 2281308.58302211 3921900 1763688.59807037 920000 2310000 4005000
1989-04-09 4 36 9 1989 14968841.53 3307323.01159 353400 164196.20277256 3482500 2267013.42827211 3921900 1843570.82610956 870000 2282500 3976880
1989-04-16 4 37 16 1989 14990486.2 3406619.391 353400 197205 3476630 2297326.49130211 4099331.58702952 2007503.97206791 820000 2255000 3948750
1989-04-23 4 38 23 1989 15044499.9828933 3727300 353400 221103 3517039.80295547 2427624.67000211 4904970 2142950 770000 2227500 3920630
1989-04-30 4 39 30 1989 15174691.8592565 3727300 353400 245000 3698697.20932208 2543662.90560211 4904970 2142950 720000 2200000 3892500
1989-05-07 5 40 7 1989 15495638.9875464 3727300 353400 267000 4003310.93864504 2737458.22161883 5714955.80608778 2334956.57607707 1420000 2275600 3962400
1989-05-14 5 41 14 1989 15928942.3391507 3727300 353400 289000 4418691.73671025 3100016.80716341 7434396.20926741 2605987.86491284 1420000 2351200 4032300
1989-05-21 5 42 21 1989 16306724.3729242 3727300 353400 311000 4761789.52592411 3303573.33426341 9107300 2798234.3291741 1420000 2426800 4102200
1989-05-28 5 43 28 1989 16580773.2381907 3749588.07350092 353400 332869.228716793 5096743.99017944 3414895.88926341 9107300 2931692.19416602 1420000 2502400 4172100
1989-06-04 6 44 4 1989 17052852.8657435 3727300 353400 355000 5410448.98942804 3601028.23926341 9107300 3105230.03496602 1420000 2578000 4242000
1989-06-11 6 45 11 1989 17971489.0130196 3727300 353400 386250 5816392.88118144 3647000 9107300 3290583.9286737 1420000 2577900 4242100
1989-06-18 6 46 18 1989 18957635.315323 3727300 353400 417500 5855100 3647000 9107300 3425360.41848628 1420000 2577800 4242200
1989-06-25 6 47 25 1989 19591621.0842214 3727300 353400 448750 5855100 3647000 9107300 3467950 1420000 2577700 4242300
1989-07-02 7 48 2 1989 20075520 4299584.50907627 461778.0864 480000 5855100 3647000 9107300 3397487.42529827 1420000 2577600 4242400
1989-07-09 7 49 9 1989 19842420.119236 5438934.41827041 564823.7106 507303 5610610.75376634 3513379.58477628 8887479.13811533 3128312.15072361 1358903.318611 2577600 4242400
1989-07-16 7 50 16 1989 19936557.306111 6178750.61657295 686618.0955 534605 5123400.50960637 3234313.56765328 8410249.05029931 2834604.99946345 1281543.49264584 2577600 4242400
1989-07-23 7 51 23 1989 19497953.92 7090928.45496795 803574.7618 561908 4975000 3166000 8316000 2521419.54219647 1192732.09821164 2577600 4242400
1989-07-30 7 52 30 1989 19333961.160236 7327300 875493.86376 589210 4975000 3166000 8302551.91404354 2238000 1084960.23978794 2577600 4242400
1989-08-06 8 1 6 1989 19665106.0035476 7282985.74758539 947842.96534 589210 4975000 3166000 8294264.24473093 2232683.73246237 1014624.53392764 2577600 4242400
1989-08-13 8 2 13 1989 19843123.4887658 7282350.30555403 1024594.72364 589210 4975000 3166000 8316000 2227475.30973712 970782.04851164 2577600 4242400
1989-08-20 8 3 20 1989 20062726.2835761 7324591.84202011 1090897.02918 589210 4975000 3166000 8316000 2219063.83213404 928927.32058714 2577600 4242400
1989-08-27 8 4 27 1989 20075520 7327300 1181190.13444 589210 4975000 3166000 8316000 2233893.94322205 967160.79694394 2577600 4242400
1989-09-03 9 5 3 1989 19959303.4602497 7302699.42741484 1273248.95207 589210 5123923.80626142 3189168.95774361 9023985.59091175 2228630.47743545 986064.814213912 2577600 4242400
1989-09-10 9 6 10 1989 20033223.9193376 7298678.25080784 1331831.99661 601908 5231061.89516877 3196682.29886769 9082743.66461886 2213949.82563871 970372.737604153 2577600 4242400
1989-09-17 9 7 17 1989 19935535.8574937 7229700.15416218 1342919.92507685 584572.52440095 5256485.04251324 3162010.42466561 9038746.62560448 2191004.26792992 977948.334865753 2577600 4242400
1989-09-24 9 8 24 1989 19891225.4135953 7148903.10871342 1350961.73246308 556800.91107742 5232721.2252141 3128762.47936066 8762886.10197804 2175131.58618977 1128224.27607056 2577600 4242400
1989-10-01 10 9 1 1989 19755577.0306709 7005915.20368134 1344258.75182518 525953.33284327 5186749.66676815 3110460.46345378 8554638.51682041 2146168.30043887 1139459.33701686 2577600 4242400
1989-10-08 10 10 8 1989 19537136.505854 6789120.84072124 1332350.54107058 488169.76532384 5097524.86465109 3105215.59347378 8285258.60511374 2127031.27501757 1272172.95526191 2577600 4242400
1989-10-15 10 11 15 1989 19361721.2620352 6636570.68830558 1339097.72911101 456995.113136464 5019738.73236474 3121532.54181216 7841876.11305668 2099672.47134835 1365304.63104922 2577600 4242400
1989-10-22 10 12 22 1989 19129422.4752805 6482337.23593872 1326512.23709647 453034.876796464 4966134.53207462 3131423.24061216 7664785.06417624 2069635.37914931 1366335.90921019 2577600 4242400
1989-10-29 10 13 29 1989 18937532.1608626 6348339.88194512 1320517.74845651 513829.113166464 4921688.74585204 3147441.44927216 7418101.92894249 2062361.76425716 1420000 2577600 4242400
1989-11-05 11 14 5 1989 18980237.4255135 6391364.81281711 1335391.87143651 511245.454296464 4968839.36474892 3168892.17958216 7413724.66242884 2058118.78275716 1420000 2577600 4242400
1989-11-12 11 15 12 1989 18485782.3583135 5803537.3349557 1274509.4098472 554949.476546464 4836995.12062783 3222380.07747574 7158758.77285485 2107758.03032716 1418096.26817 2577600 4242400
1989-11-19 11 16 19 1989 17997283.329526 5528946.43995725 1236389.09323868 725000 4752514.09650524 3226805.50529198 7489123.74493732 2147955.49709716 1417280.57577 2577600 4242400
1989-11-26 11 17 26 1989 17956178.96 5495814.27 1231738.365 737500 4710640 3294838.68319198 7813738.97674791 2152420 1420000 2577600 4242400
1989-12-03 12 18 3 1989 17956178.96 5495814.27 1231738.365 750000 3855100 3326221.03044198 8457828.55807093 2144980 1420000 2577600 4242400
1989-12-10 12 19 10 1989 17430256.6534426 5568097.97494 1109211.36374641 766683 3855100 3397000 8250920.56456594 2188532.92814283 1420000 2577600 4242400
1989-12-17 12 20 17 1989 16876974.2828026 5621777.81528 959591.700383824 783365 3855100 3397000 8470255.42679896 2165221.26648561 1420000 2577600 4242400
1989-12-24 12 21 24 1989 16510621.93 5667223.08389 873125.9714 800048 3855100 3397000 8275573.91010199 2135760 1420000 2577600 4242400
1989-12-31 12 22 31 1989 16510621.93 5712374.36812 873125.9714 816730 3855080 3397000 7945187.65763502 2132680 1420000 2577600 4242400
1990-01-07 1 23 7 1990 16431317.7929819 5578398.63969264 874604.828517324 786576 3235100 3340979.62761904 8169114.7714119 2142542.12006544 1370000 2578080 4242400
