"date" "month" "week" "day" "year" "BRPrelim_c" "TotalFloodSpace_c" "TotalMcNarySharedWater_c" "BRIn" "GCIn"
1979-08-05 8 1 5 1979 433208.226739749 18303.0000000006 1837804.2378936 406361.650361 636397.84278752
1979-08-12 8 2 12 1979 458936.331433031 725746.272006778 312330.699652152 369987.810601 644696.158486614
1979-08-19 8 3 19 1979 554834.844112369 698451.020342692 314680.853861109 589342.349372199 656367.316801309
1979-08-26 8 4 26 1979 487877.773509144 654181.81101145 292224.112024738 449270.6340126 633223.108460039
1979-09-02 9 5 2 1979 167473.535398307 457851.108035507 203205.795768379 378838.2668458 547839.300106479
1979-09-09 9 6 9 1979 370803.3260295 627109.918333667 171968.317560374 370803.3260295 424308.031145789
1979-09-16 9 7 16 1979 348819.911871 632140.301622313 92969.2729465673 348819.911871 374565.728337035
1979-09-23 9 8 23 1979 338860.749725 662116.234397238 78867.973642841 338860.749725 321649.339331013
1979-09-30 9 9 30 1979 367633.498458 736187.27712589 57267.4904091461 367633.498458 255935.472297248
1979-10-07 10 10 7 1979 321120.5632584 970274.732705975 26509.1556776473 321120.5632584 301018.311990421
1979-10-14 10 11 14 1979 285247.961790145 1264717.60743231 0 285247.961790145 333205.8596591
1979-10-21 10 12 21 1979 338516.901486268 1657497.89350312 0 338516.901486268 297965.205547889
1979-10-28 10 13 28 1979 533147.567418992 1608210.09396022 0 533147.567418992 375496.04139054
1979-11-04 11 14 4 1979 337120.3664145 813264.342154413 0 337120.3664145 487563.061023084
1979-11-11 11 15 11 1979 285563.9929 1754583.06118417 0 285563.9929 376569.120960584
1979-11-18 11 16 18 1979 249099.402 1247468.80571854 0 249099.402 343375.602355164
1979-11-25 11 17 25 1979 248297.2286 710145.539578998 0 248297.2286 349837.668160584
1979-12-02 12 18 2 1979 246825.3248 940482.168169993 0 246825.3248 814687.329083539
1979-12-09 12 19 9 1979 345641.5322 2548434.12364458 0 345641.5322 340223.019050772
1979-12-16 12 20 16 1979 315738.7477 2556991.13103542 0 315738.7477 433654.151556192
1979-12-23 12 21 23 1979 289574.0569 1577704.4548725 0 289574.0569 423942.470700772
1979-12-30 12 22 30 1979 306671.6403 642739.668131501 0 306671.6403 441985.723756192
1980-01-06 1 23 6 1980 292126.0444 2361520.55308939 0 242126.0444 542479.867032354
1980-01-13 1 24 13 1980 288160.6202 2294335.60064363 0 238160.6202 367999.321046354
1980-01-20 1 25 20 1980 519465.1226 2629223.85135082 0 469465.1226 362138.965646354
1980-01-27 1 26 27 1980 376951.6347 2544090.42028675 0 326951.6347 348766.966376354
1980-02-03 2 27 3 1980 301478.3271 2326754.47962661 0 251478.3271 608173.148291576
1980-02-10 2 28 10 1980 343256.7453 1533122.40505745 0 305756.7453 298679.219959953
1980-02-17 2 29 17 1980 340444.219599999 570632.771994466 0 302944.2196 306570.710894465
1980-02-24 2 30 24 1980 720076.4973 620480.890762365 0 682576.497300001 342864.340849865
1980-03-02 3 31 2 1980 617233.5950771 735689.8408475 0 579733.5950771 475435.709735478
1980-03-09 3 32 9 1980 491953.748100754 678711.499425 0 466953.748100754 751455.658831398
1980-03-16 3 33 16 1980 424330.8369326 662289.880905 0 399330.8369326 545139.214502995
1980-03-23 3 34 23 1980 422332.234380679 655243.1641575 0 397332.234380679 515405.729717398
1980-03-30 3 35 30 1980 394488.2096832 674216.174475 0 369488.2096832 543433.815720398
1980-04-06 4 36 6 1980 399781.52258714 589369.6085625 0 374781.52258714 430980.553936581
1980-04-13 4 37 13 1980 434862.558018 590127.3864225 0 409862.558018 528507.209003581
1980-04-20 4 38 20 1980 478813.547763 714414.5131572 0 453813.547763 516905.975898349
1980-04-27 4 39 27 1980 958580.7924461 1193114.4902108 0 933580.7924461 1636792.46056267
1980-05-04 5 40 4 1980 271348.7778036 2424016.6648 0 871348.7778036 3586699.55230493
1980-05-11 5 41 11 1980 638394.69606213 2428402.4993 705900.905658375 638394.69606213 4044312.87231098
1980-05-18 5 42 18 1980 687162.577954 906278.977321772 791300 687162.577954 3475372.79879599
1980-05-25 5 43 25 1980 511788.621981613 1440204.33911087 814807.938579015 511788.621981613 3145305.49988208
1980-06-01 6 44 1 1980 759798.836554001 717550.232221217 1347105.03589761 759798.836554001 2874377.9217428
1980-06-08 6 45 8 1980 1001134.19415 659536.082423381 1671400 1001134.19415 2117508.99346824
1980-06-15 6 46 15 1980 772141.984932341 515447.764010028 1671400 772141.98493234 1921317.36162672
1980-06-22 6 47 22 1980 529060.4828545 522633.91354657 1747707.43968155 529060.4828545 2071625.13427181
1980-06-29 6 48 29 1980 331014.139414 455657.9975671 1834706.74527155 331014.139414 1610432.27597156
1980-07-06 7 49 6 1980 329828.608805 121483.25 1881443.86792582 329828.608805 1022084.53325743
1980-07-13 7 50 13 1980 206821.795468 121483.25 1836668.00300542 206821.795468 568997.302736967
1980-07-20 7 51 20 1980 190315.471506595 829303.304748463 1151676.27497725 134438.471814 540678.328168215
1980-07-27 7 52 27 1980 236153.374363112 1138283.26517494 193661.732444616 100323.381526 405062.288013465
1980-08-03 8 1 3 1980 153916.528598293 941876.221726775 128328.997150958 108623.521128 320814.345314431
1980-08-10 8 2 10 1980 106780.505612 1134773.79173902 131003.407297459 106780.505612 255342.124671024
1980-08-17 8 3 17 1980 110857.885997 1483855.13608847 123369.452527712 99368.0993380001 387582.096318705
1980-08-24 8 4 24 1980 160062.07900123 1596335.2568026 132516.089759939 171551.86566023 476734.158552044
1980-08-31 8 5 31 1980 120787.17613316 1705055.69711846 70008.6906099198 120787.17613316 456842.548390442
1980-09-07 9 6 7 1980 113700.7414967 1304249.92268084 67330.9011170566 155687.5636165 257599.129820064
1980-09-14 9 7 14 1980 103766.042934 1781715.34119942 21845.2700006748 244210.909340699 421569.492114004
1980-09-21 9 8 21 1980 306434.1354753 1620929.30471813 44694.1580159729 361002.4469488 353827.625826141
1980-09-28 9 9 28 1980 227029.5533489 1718995.16365799 52653.7984849941 227029.5533489 366406.715980567
1980-10-05 10 10 5 1980 184746.735185 2013580.4706247 42605.87192096 184746.735185 195774.85946583
1980-10-12 10 11 12 1980 174781.513846299 2236970.80895018 4936.11795434542 174781.513846299 363091.533939267
1980-10-19 10 12 19 1980 222428.868193185 1911756.92320418 0 222428.868193185 296689.977933019
1980-10-26 10 13 26 1980 262844.082265514 1801558.10352269 0 262844.082265514 314297.233485713
1980-11-02 11 14 2 1980 197009.584623561 540497.25 0 197009.584623561 340985.480778308
1980-11-09 11 15 9 1980 157248.8752 2237841.98793857 0 157248.8752 218294.826264131
1980-11-16 11 16 16 1980 211457.2408 2025588.36110386 0 211457.2408 509688.614812471
1980-11-23 11 17 23 1980 192837.0798 1081545.15738751 0 192837.0798 395483.591164131
1980-11-30 11 18 30 1980 201193.184799999 1054169.3766875 0 201193.184799999 427364.742264131
1980-12-07 12 19 7 1980 229929.3269 2877538.29719057 0 229929.3269 449345.452650965
1980-12-14 12 20 14 1980 234603.6485 3210339.45549896 0 234603.6485 457704.168947735
1980-12-21 12 21 21 1980 177584.0651 2456054.69987153 0 177584.0651 359357.573050965
1980-12-28 12 22 28 1980 239370.3838 981551.137582501 0 239370.383800001 713369.10379402
1981-01-04 1 23 4 1981 364960.9877 2165989.38728087 2011.65710568894 314960.9877 1723365.57480411
1981-01-11 1 24 11 1981 280460.5943 2760359.0840262 0 230460.5943 1363330.9227373
1981-01-18 1 25 18 1981 266035.4573 2265029.9756516 0 216035.4573 973813.21554915
1981-01-25 1 26 25 1981 276733.2707 1991332.30458354 0 226733.2707 943430.137398357
1981-02-01 2 27 1 1981 348790.949 2075215.82427929 0 298790.949 1124945.57302341
1981-02-08 2 28 8 1981 334830.8877 2580474.33351344 0 297330.8877 985157.665823415
1981-02-15 2 29 15 1981 318569.9172 2421708.46723325 0 281069.9172 918081.616464017
1981-02-22 2 30 22 1981 496041.2573 1631219.31497519 0 458541.2573 1296407.37664882
1981-03-01 3 31 1 1981 447193.727889575 1996652.72543763 0 409693.727889574 1890272.0587504
1981-03-08 3 32 8 1981 317862.29878636 2391625.51465727 0 292862.29878636 1180747.3664304
1981-03-15 3 33 15 1981 328627.12709772 2385066.80808802 0 303627.12709772 923124.417514197
1981-03-22 3 34 22 1981 385147.4587606 1764633.45940828 0 360147.4587606 1121674.19668464
1981-03-29 3 35 29 1981 462382.6144774 1551469.41784258 0 437382.6144774 1028600.44413758
1981-04-05 4 36 5 1981 437753.279811 222404.089175 0 412753.279811 794238.460178291
1981-04-12 4 37 12 1981 343971.248183 991422.973230741 0 318971.248183 746087.134255741
1981-04-19 4 38 19 1981 312876.8720253 824916.762563051 0 287876.8720253 553262.552100551
1981-04-26 4 39 26 1981 711290.3661886 1318810.68156646 0 686290.3661886 1066568.30659059
1981-05-03 5 40 3 1981 115661.759542452 1957829.68050585 0 548244.797541 2320207.95587401
1981-05-10 5 41 10 1981 406158.040890102 2073208.94496961 0 573575.002891554 2634880.30888573
1981-05-17 5 42 17 1981 358900.4494869 2210474.74567558 0 358900.4494869 1757381.97281845
1981-05-24 5 43 24 1981 500374.974225 2643474.11662602 57903.1260312945 500374.974225 2561567.54082317
1981-05-31 5 44 31 1981 552737.72032 3059689.13249351 942680.9419 552737.72032 3553366.07907566
1981-06-07 6 45 7 1981 660705.545604189 815018.411463429 1082156.5761 660705.545604189 2767262.17967994
1981-06-14 6 46 14 1981 656299.275466974 1111647.23862175 1220982.7634 656299.275466974 2971629.81503469
1981-06-21 6 47 21 1981 560787.4781173 600473.219963429 1683942.09270065 560787.4781173 2299431.62029301
1981-06-28 6 48 28 1981 191808.357267 738087.846364591 2152400 191808.357267 2669988.32666724
1981-07-05 7 49 5 1981 117913.697491361 121483.25 2152400 69028.5439915995 1659710.10169497
1981-07-12 7 50 12 1981 146249.449059534 745626.767101945 2152400 99472.2702039996 1489795.73520109
1981-07-19 7 51 19 1981 162269.037577498 1635504.75255095 1999156.84890462 23366.3837609997 968197.958221144
1981-07-26 7 52 26 1981 112849.877403 1259206.74666067 1496425.15600544 21054.5185580001 552400.280378094
1981-08-02 8 1 2 1981 119500.5667961 979554.814501067 493481.226968369 42280.5513629998 550183.11338733
1981-08-09 8 2 9 1981 122186.85309502 605385.325448024 1048747.42165488 43588.9357320002 1698597.92022433
1981-08-16 8 3 16 1981 128705.0522045 637033.249032395 882669.324449303 30803.4358290003 1100974.81969744
1981-08-23 8 4 23 1981 129678.323731 672340.679491011 816241.383726384 22554.6812489004 1072935.07720277
1981-08-30 8 5 30 1981 130868.816675 697403.712780975 673630.963596663 24117.6516595004 961616.580637963
1981-09-06 9 6 6 1981 126476.9866385 870345.061221715 534505.769867135 70837.3754579998 820319.752338118
1981-09-13 9 7 13 1981 128918.952721 409685.738239039 714184.422965012 76303.1589550004 663273.033101743
1981-09-20 9 8 20 1981 131709.2878555 255644.206825382 538738.355276246 77812.0708569997 283545.750284101
1981-09-27 9 9 27 1981 131284.378879986 601425.172437061 354924.709777948 110391.702511 296210.761631561
1981-10-04 10 10 4 1981 115141.42674028 479571.186320859 353149.372133623 198647.429528 656376.040570813
1981-10-11 10 11 11 1981 122192.666302285 500120.032494596 493555.154689528 181567.02272198 587930.550411241
1981-10-18 10 12 18 1981 79886.22353 560541.618864528 551324.711251566 343086.366338778 586596.457806692
1981-10-25 10 13 25 1981 96891.196336582 600108.533719312 385834.982105677 241469.8826932 390766.118438509
1981-11-01 11 14 1 1981 129140.92074 509643.461224152 37760.3438174212 162473.969353635 221878.127844528
1981-11-08 11 15 8 1981 139948.93535 796259.367627148 67477.5769699998 122634.4199 424405.239364131
1981-11-15 11 16 15 1981 143228.71167 1290530.26512302 0 128613.7042 296449.975454131
1981-11-22 11 17 22 1981 81397.28363 1471115.65676166 0 311444.0498 379539.422182471
1981-11-29 11 18 29 1981 206431.097636444 1195647.672035 0 401321.6174 434009.166302471
1981-12-06 12 19 6 1981 224110.0752 2943157.29799533 525093.545961669 224110.0752 1231468.97626946
1981-12-13 12 20 13 1981 237852.396 1587073.30352147 180180.47416544 237852.396 533663.682957735
1981-12-20 12 21 20 1981 329003.7704 1908768.7508422 0 329003.7704 489488.053789767
1981-12-27 12 22 27 1981 579814.2723 821158.761563746 0 579814.2723 403772.508699659
1982-01-03 1 23 3 1982 350723.679 2508465.83325497 0 300723.679 644329.974685741
1982-01-10 1 24 10 1982 298505.3906 1969568.07411517 0 248505.3906 479319.606528072
1982-01-17 1 25 17 1982 283232.3125 1932436.563482 0 233232.3125 533504.158401407
1982-01-24 1 26 24 1982 274946.0101 2140267.29872069 0 224946.0101 535734.360797458
1982-01-31 1 27 31 1982 276094.4789 2337698.03637963 0 226094.4789 539156.816487047
1982-02-07 2 28 7 1982 340517.6766 2885148.36501406 0 278017.6766 738227.784722701
1982-02-14 2 29 14 1982 316251.441400001 2276175.49963701 0 253751.441400001 530135.376136776
1982-02-21 2 30 21 1982 549567.7274 1165630.18458905 0 487067.7274 1330844.84529342
1982-02-28 2 31 28 1982 666743.9624 652939.895020196 0 604243.9624 2106749.62053341
1982-03-07 3 32 7 1982 622133.7172933 2296882.52044156 0 559633.7172933 1318915.98073749
1982-03-14 3 33 14 1982 565480.607249001 1256213.82791523 0 502980.607249001 1011137.82252749
1982-03-21 3 34 21 1982 585273.0698861 1290109.72569749 0 522773.0698861 1093591.38056749
1982-03-28 3 35 28 1982 517891.569934 1232571.83166856 0 455391.569934 949220.552291493
1982-04-04 4 36 4 1982 674301.87505544 2200291.46924573 0 616801.87505544 948267.474210041
1982-04-11 4 37 11 1982 549782.84433092 915805.007807542 0 492282.84433092 742123.437495041
1982-04-18 4 38 18 1982 773800.841978 1337908.32292742 0 716300.841978 1095183.19137742
1982-04-25 4 39 25 1982 662183.178968 1426156.54433947 0 607683.178968 1188936.75524825
1982-05-02 5 40 2 1982 51986.701337751 1798721.15507823 0 743641.487910144 1699114.27503819
1982-05-09 5 41 9 1982 753329.003511403 2005355.1641 0 1038674.21693901 2545206.05135926
1982-05-16 5 42 16 1982 1021032.1805191 2187715.67337534 0 1021032.1805191 2233656.4813844
1982-05-23 5 43 23 1982 936276.35111955 2392139.53927534 0 936276.351119551 2784028.12639862
1982-05-30 5 44 30 1982 1212110.36812295 2517876.84104138 450490.727308959 1212110.36812295 3702511.93332026
1982-06-06 6 45 6 1982 1281206.95998964 1954470.2667577 1667493.15706306 1281206.95998964 3852760.39031324
1982-06-13 6 46 13 1982 804513.073145059 1557084.74946542 2152400 804513.073145059 4131921.95635292
1982-06-20 6 47 20 1982 841500.0183804 872063.539675592 2152400 841500.0183804 5363713.29127679
1982-06-27 6 48 27 1982 1013073.1238424 1040863.42057535 2152400 1013073.1238424 6170397.66689136
1982-07-04 7 49 4 1982 939742.588431001 975522.630432414 2152400 939742.588431 3274386.9474279
1982-07-11 7 50 11 1982 872180.2956748 7.27595761418343e-10 2152400 872180.2956748 4921400.34750747
1982-07-18 7 51 18 1982 346956.266253 1.19325704872608e-09 2152400 346956.266253 3881770.64224255
1982-07-25 7 52 25 1982 242770.433742 4.00177668780088e-10 2152400 242770.433742 2244332.00747218
1982-08-01 8 1 1 1982 293627.7413609 240301.422847098 2152400 293627.7413609 1640187.19631151
1982-08-08 8 2 8 1982 305031.147128443 5.82076609134674e-10 2140235.27337168 288302.601839 1631628.86193774
1982-08-15 8 3 15 1982 297134.281295602 39087.2890451198 1980401.96800008 204643.949104 1171240.02743722
1982-08-22 8 4 22 1982 288454.675299954 233844.757938182 1657340.55049738 160673.552781 1591449.44889601
1982-08-29 8 5 29 1982 132827.316516 327116.533906786 1286414.38561395 132827.316516 801772.233424215
1982-09-05 9 6 5 1982 103843.501511 822558.881757656 454788.668162826 167120.6788976 786762.160074125
1982-09-12 9 7 12 1982 103141.079624 751579.76578299 842390.506834771 150376.5101639 865647.122032893
1982-09-19 9 8 19 1982 111419.08164 703609.57405202 983974.604136358 210765.1601482 1136685.40528243
1982-09-26 9 9 26 1982 326759.363773 120855.993298266 1029625.10379459 353900.6773383 567994.455168665
1982-10-03 10 10 3 1982 305797.6124609 42291.9117399686 1104304.35221733 305797.6124609 883659.33775983
1982-10-10 10 11 10 1982 344463.641633564 322809.368227476 1159039.86907179 344463.641633564 709209.143964248
1982-10-17 10 12 17 1982 232969.850759134 368398.287258422 1133247.01472435 232969.850759134 417109.370688371
1982-10-24 10 13 24 1982 181848.209138735 536381.972460909 896505.775999966 181848.209138735 312809.839417154
1982-10-31 10 14 31 1982 290316.04904763 687657.631317477 818797.94516466 290316.04904763 487671.748764876
1982-11-07 11 15 7 1982 430845.1986 744627.483448588 674739.31236711 430845.1986 457939.803430584
1982-11-14 11 16 14 1982 246523.4031 1532658.77823995 417686.255628143 246523.4031 396028.879410584
1982-11-21 11 17 21 1982 268063.6335 1126067.62825288 358775.058883306 268063.6335 357602.803255164
1982-11-28 11 18 28 1982 305442.3856 648776.12522478 375074.44570389 305442.3856 432813.386820584
1982-12-05 12 19 5 1982 262477.7662 2100001.61354631 791300 262477.7662 1227910.98278097
1982-12-12 12 20 12 1982 265179.9557 1488962.3373625 691850.212308954 265179.9557 474343.112100965
1982-12-19 12 21 19 1982 232935.3302 1153108.50898777 241074.100935956 232935.3302 390839.592480965
1982-12-26 12 22 26 1982 322295.3965 1035324.47590045 0 322295.3965 382891.586211311
1983-01-02 1 23 2 1983 310839.9799 1838087.8341492 0 260839.9799 404788.170393083
1983-01-09 1 24 9 1983 326694.8064 2062101.566694 0 276694.8064 529049.039679304
1983-01-16 1 25 16 1983 394172.3926 2327652.5242439 0 344172.3926 742017.57179786
1983-01-23 1 26 23 1983 356379.510499999 2458593.73469542 0 306379.510499999 677854.021007836
1983-01-30 1 27 30 1983 386892.4638 2290014.5915595 0 336892.4638 677855.952338533
1983-02-06 2 28 6 1983 416218.3928 2590900.58548962 0 353718.3928 638374.983825528
1983-02-13 2 29 13 1983 395429.4598 2374134.98694182 0 332929.4598 551776.550449197
1983-02-20 2 30 20 1983 579155.4779 1912968.45241134 0 516655.4779 641465.689825384
1983-02-27 2 31 27 1983 621516.2925 910923.9645725 0 559016.2925 820255.047553415
1983-03-06 3 32 6 1983 770004.528923001 1628186.21500543 0 707504.528923001 939216.049440481
1983-03-13 3 33 13 1983 805798.901334 1568169.97737159 0 743298.901334 1184405.51787659
1983-03-20 3 34 20 1983 980822.6512309 2020674.56454623 0 918322.6512309 1487383.01283189
1983-03-27 3 35 27 1983 691403.12937163 1775686.12463823 0 628903.12937163 1196738.88665757
1983-04-03 4 36 3 1983 722809.64412324 2438568.94493377 0 665309.64412324 1019185.69493377
1983-04-10 4 37 10 1983 671141.098331588 1666782.60143976 0 613641.098331588 914103.47027475
1983-04-17 4 38 17 1983 573438.8791109 1074148.17226963 0 515938.8791109 767947.965160931
1983-04-24 4 39 24 1983 750998.981709651 1879440.43938831 0 696498.981709651 937094.647655572
1983-05-01 5 40 1 1983 72108.8571057841 2318338.67806652 0 812108.857105784 2666154.55530392
1983-05-08 5 41 8 1983 587796.445395373 2184831.95466343 0 824796.445395373 2033372.88813093
1983-05-15 5 42 15 1983 742121.2475059 2267127.20277558 0 742121.2475059 2462363.33543609
1983-05-22 5 43 22 1983 561226.189915 2446413.20457558 0 561226.189915 2079332.1467872
1983-05-29 5 44 29 1983 888996.1747272 2670728.88194231 122622.847610738 888996.1747272 2488343.16455047
1983-06-05 6 45 5 1983 2058233.57681535 4512547.72054166 1783478.44351177 2058233.57681535 4998413.69789614
1983-06-12 6 46 12 1983 1506671.57972424 1512616.71349655 2029362.95103285 1506671.57972424 5183355.17019575
1983-06-19 6 47 19 1983 1012609.22926352 1192338.64630149 2133182.49058939 1012609.22926352 4533864.89956096
1983-06-26 6 48 26 1983 653746.0199438 52064.2500000009 2152400 653746.0199438 4630674.77454495
1983-07-03 7 49 3 1983 642275.262531499 298437.364071071 2152400 642275.262531499 1644217.11427615
1983-07-10 7 50 10 1983 597674.3421948 567779.954080852 2152400 597674.3421948 1638638.73619098
1983-07-17 7 51 17 1983 471421.9618087 1204789.2726901 2152400 471421.9618087 1266201.09217937
1983-07-24 7 52 24 1983 282076.141357 545220.297930378 2076001.55416584 282076.141357 2528471.77856506
1983-07-31 7 52 31 1983 205670.442350613 0 2103829.20186808 183949.0743932 1357587.61636151
1983-08-07 8 1 7 1983 297500.525810486 52064.2500000002 2031088.09652441 188581.477917 695791.527773487
1983-08-14 8 2 14 1983 314230.7094081 475893.197589974 1400999.67683273 207871.125259 865077.41758
1983-08-21 8 3 21 1983 236111.6639553 713685.301131225 898119.5984917 236111.6639553 1259333.56770054
1983-08-28 8 4 28 1983 359206.19491378 717529.889216328 460061.096255835 359206.19491378 774881.615210936
1983-09-04 9 5 4 1983 68511.846589 776995.275347691 487684.675168274 209858.839341 816030.603834374
1983-09-11 9 6 11 1983 99029.8737267398 441481.236844858 472244.665314754 194682.88097474 450540.485683444
1983-09-18 9 7 18 1983 210919.824063 441678.198462839 495100.534717831 210919.824063 483454.104944372
1983-09-25 9 8 25 1983 202315.0926952 297984.916968384 426775.633218433 202315.0926952 390821.138751382
1983-10-02 10 9 2 1983 212378.431558 93003.0386094824 260452.607370648 212378.431558 294103.27396153
1983-10-09 10 10 9 1983 362181.9887314 375200.836138247 162513.183329599 362181.9887314 231598.738771508
1983-10-16 10 11 16 1983 296454.45265986 678767.234298534 133841.50961892 296454.45265986 279451.538644508
1983-10-23 10 12 23 1983 302101.9765244 934750.946316486 106637.711935344 302101.9765244 244315.496618624
1983-10-30 10 13 30 1983 238252.93551208 1462162.31442465 72624.0068826443 238252.93551208 274985.535131808
1983-11-06 11 14 6 1983 212978.367684468 821113.554800701 43084.2170864195 212978.367684468 231221.355230472
1983-11-13 11 15 13 1983 287378.6152 1524285.73923318 126574.312320476 287378.6152 844868.707400748
1983-11-20 11 16 20 1983 317565.5265 2606251.89553479 0 317565.5265 873532.399630584
1983-11-27 11 17 27 1983 327470.501 1136092.87414942 183480.128658447 327470.501 811625.843020584
1983-12-04 12 18 4 1983 237834.5334 1753856.09208683 791300 237834.5334 1651123.30156773
1983-12-11 12 19 11 1983 234050.3377 1484478.13735 791300 234050.3377 458565.539950965
1983-12-18 12 20 18 1983 394896.6247 1482901.747725 458748.645002333 394896.6247 428908.036340965
1983-12-25 12 21 25 1983 251165.5923 1347764.48094342 14330.9649193343 251165.5923 394385.263670965
1984-01-01 1 22 1 1984 233428.4597 1252076.05559771 0 233428.4597 432358.460403083
1984-01-08 1 23 8 1984 300578.036 1782556.73565135 0 250578.036 418189.153453083
1984-01-15 1 24 15 1984 289801.2871 1992266.24435032 0 239801.2871 547728.774287914
1984-01-22 1 25 22 1984 275468.9584 1892115.16955749 0 225468.9584 441303.009753083
1984-01-29 1 26 29 1984 265880.1752 1734091.39696245 0 215880.1752 470226.371133083
1984-02-05 2 27 5 1984 261936.3381 2173322.1857653 0 211936.3381 839261.26398689
1984-02-12 2 28 12 1984 350769.4257 2441403.49794232 0 288269.4257 486796.109770243
1984-02-19 2 29 19 1984 366668.007 2093919.05309347 0 304168.007 498408.850429415
1984-02-26 2 30 26 1984 336911.148099999 1832632.7914197 0 274411.148099999 465930.002406865
1984-03-04 3 31 4 1984 316491.3149432 1496668.35032993 0 253991.3149432 416820.078592973
1984-03-11 3 32 11 1984 397081.53056015 825852.106685477 0 334581.53056015 463426.440249973
1984-03-18 3 33 18 1984 959223.439091 762597.247122498 0 896723.439091 762898.688819493
1984-03-25 3 34 25 1984 986778.966486 940419.4013325 0 924278.966486 839547.215832393
1984-04-01 4 35 1 1984 723390.8676935 2154496.65950775 0 660890.8676935 880578.421168123
1984-04-08 4 36 8 1984 644670.377603353 1084528.02237171 0 587170.377603353 609201.978336446
1984-04-15 4 37 15 1984 784299.674492259 1278352.79535406 0 726799.674492259 796952.756274879
1984-04-22 4 38 22 1984 1150986.117321 1358536.93094851 0 1093486.117321 641679.154109163
1984-04-29 4 39 29 1984 1130140.4496906 2681079.26119725 0 1075640.4496906 2264577.76546059
1984-05-06 5 40 6 1984 43782.216 1674778.15450908 0 631718.1046338 1396479.26018943
1984-05-13 5 41 13 1984 497454.4668549 1779658.15432285 0 649518.5782211 1431321.54292285
1984-05-20 5 42 20 1984 1321869.9762882 2134166.362 0 1558869.9762882 1679528.16064562
1984-05-27 5 43 27 1984 1979904.51728625 2243090.996 0 1979904.51728625 2887136.10323357
1984-06-03 6 44 3 1984 1456507.57315008 2420237.95586546 58622.1010762933 1456507.57315008 2486362.0745244
1984-06-10 6 45 10 1984 1487587.4796565 1893185.55140722 1092397.136763 1487587.47965651 3231427.70594978
1984-06-17 6 46 17 1984 1171412.67381447 872440.265077586 1537762.20551192 1171412.67381447 2992947.06439284
1984-06-24 6 47 24 1984 1063004.66124142 1701365.95865407 2065219.27347013 1063004.66124142 4012370.45521295
1984-07-01 7 48 1 1984 786353.0767148 334435.066324688 2152400 786353.0767148 2487414.1373652
1984-07-08 7 49 8 1984 612698.558106 164209.558244612 2152400 612698.558106 2163647.60865368
1984-07-15 7 50 15 1984 373006.102035 684776.179964753 2152400 373006.102035 1851436.54615593
1984-07-22 7 51 22 1984 257127.535235 293657.411816366 2152400 257127.535235 1903847.175695
1984-07-29 7 52 29 1984 409479.0749708 167333.591043214 2152400 409479.0749708 1400853.94791481
1984-08-05 8 1 5 1984 381411.056743 249870.517852213 2029093.90879619 381411.056743 952863.246025102
1984-08-12 8 2 12 1984 254195.360253 321049.390416885 1532438.05723259 254195.360253 1239545.16861504
1984-08-19 8 3 19 1984 278440.838012536 411529.58454322 1197073.09240489 196395.106173 1147976.23978625
1984-08-26 8 4 26 1984 312604.88860955 733400.509323527 509916.20453167 194969.9500343 845897.550296371
1984-09-02 9 5 2 1984 90726.3494096 860318.713366906 604375.189754965 207792.8506461 942460.012816765
1984-09-09 9 6 9 1984 198461.811440995 672411.711311621 522927.639008715 281075.980619281 547726.291113889
1984-09-16 9 7 16 1984 218697.1663645 490073.072317982 810000.834020622 218697.1663645 679517.456590468
1984-09-23 9 8 23 1984 219899.4264945 190403.669391288 667458.50000393 219899.4264945 337290.661248264
1984-09-30 9 9 30 1984 265692.91756498 223625.82229748 720620.368602664 265692.91756498 479916.98451192
1984-10-07 10 10 7 1984 263312.500610144 117790.855260086 489156.549556846 263312.500610144 272561.368181003
1984-10-14 10 11 14 1984 239674.299594533 325302.027332847 228723.937814848 239674.299594533 246900.054257527
1984-10-21 10 12 21 1984 347572.752390027 657611.7151717 126807.811507434 347572.752390027 348746.730966482
1984-10-28 10 13 28 1984 256064.593884938 645516.390479755 76051.547555618 256064.593884938 262530.0326177
1984-11-04 11 14 4 1984 227766.274853271 964035.645592061 8880.13730029389 227766.274853271 385154.370123984
1984-11-11 11 15 11 1984 217993.4729 666695.134102972 24822.992469633 217993.4729 454794.560055164
1984-11-18 11 16 18 1984 321859.0489 1972929.19150721 0 321859.0489 454104.820755164
1984-11-25 11 17 25 1984 229703.9607 1402658.67907882 0 229703.9607 479201.248075164
1984-12-02 12 18 2 1984 251031.2808 1080880.4157 549096.799049918 251031.2808 1240837.56209412
1984-12-09 12 19 9 1984 253576.9387 1470898.74729952 108758.964067524 253576.9387 411793.121280772
1984-12-16 12 20 16 1984 249839.7944 1886531.69511661 0 249839.7944 372681.575250772
1984-12-23 12 21 23 1984 225536.0033 1750176.5181082 0 225536.0033 363493.012280772
1984-12-30 12 22 30 1984 210707.384 658167.06775499 0 210707.384 352687.637180772
1985-01-06 1 23 6 1985 274100.4588 1876216.4443738 0 224100.4588 562864.466726354
1985-01-13 1 24 13 1985 267676.6558 1841931.59805107 0 217676.6558 395580.455266354
1985-01-20 1 25 20 1985 256260.976900001 1840250.36519282 0 206260.976900001 390202.837616354
1985-01-27 1 26 27 1985 254508.7465 1867642.22000928 0 204508.7465 386267.211496354
1985-02-03 2 27 3 1985 241922.083500001 1890241.60514074 0 191922.083500001 698349.109979865
1985-02-10 2 28 10 1985 299710.371899999 2171336.90491615 0 262210.371899999 351108.102959865
1985-02-17 2 29 17 1985 304836.402600001 1931693.02576431 0 267336.402600001 349023.949379865
1985-02-24 2 30 24 1985 324131.420499999 1865919.45247197 0 286631.420499999 347907.843719865
1985-03-03 3 31 3 1985 297221.12477783 1788627.96421088 0 259721.12477783 361175.262054978
1985-03-10 3 32 10 1985 228632.433600654 1017371.08494585 0 203632.433600654 428893.977384978
1985-03-17 3 33 17 1985 266801.275251635 730626.687261359 0 241801.275251635 470346.692085978
1985-03-24 3 34 24 1985 440735.54746107 909949.859044997 0 415735.54746107 723861.616202343
1985-03-31 3 35 31 1985 435681.57415795 763622.222762496 0 410681.57415795 815329.581655398
1985-04-07 4 36 7 1985 444721.777841519 672591.402417509 0 419721.777841519 479179.326875581
1985-04-14 4 37 14 1985 680903.283360514 898087.508216857 0 655903.283360514 790401.632392212
1985-04-21 4 38 21 1985 950128.3974839 1314616.61939298 0 925128.3974839 1950665.92576663
1985-04-28 4 39 28 1985 1138525.03420405 2305861.29241829 0 1113525.03420405 2299098.97442065
1985-05-05 5 40 5 1985 81554.8975788997 1975832.58187558 0 444554.8975789 1134168.83710791
1985-05-12 5 41 12 1985 571811.87506075 2120652.80787867 0 808811.87506075 2566571.30865096
1985-05-19 5 42 19 1985 626947.097993231 2037464.57376652 2588.06423062179 626947.097993231 1800758.85940587
1985-05-26 5 43 26 1985 394701.958822259 2713115.32159463 186444.096024491 394701.95882226 2461903.66999974
1985-06-02 6 44 2 1985 426126.22662052 2914566.37705904 828230.235753484 426126.22662052 4004563.64690874
1985-06-09 6 45 9 1985 552698.415548 1791412.10588264 1753466.3212812 552698.415548 3217032.25708624
1985-06-16 6 46 16 1985 234627.884377999 1110265.10604125 2152400 234627.884377999 3227766.44922099
1985-06-23 6 47 23 1985 101292.814185 883916.416450079 2152400 101292.814185 2264446.78554783
1985-06-30 6 48 30 1985 98784.5505837311 824664.2745777 2152400 79856.6295290001 2062359.17525323
1985-07-07 7 49 7 1985 87447.111265 901206.434155864 2053718.77107928 -8999.57364899959 529507.636635512
1985-07-14 7 50 14 1985 109103.604299 974555.173551319 522467.357250728 2244.55999499976 596247.866554986
1985-07-21 7 51 21 1985 114383.201847 849569.360776752 195103.25877272 18306.4504550003 535010.209774036
1985-07-28 7 52 28 1985 118144.6150282 976784.103996107 118678.213290738 61374.9898309995 321447.355200621
1985-08-04 8 1 4 1985 96910.8113704 1165686.72466735 86418.7334630443 196355.568814 254848.68239839
1985-08-11 8 2 11 1985 106919.4729351 1067464.73398307 83518.0735358 106873.621715 130713.891801896
1985-08-18 8 3 18 1985 128978.058562 1500194.19636324 125813.584016955 45291.5470522996 652149.035458512
1985-08-25 8 4 25 1985 130188.3224147 1159477.78263259 111004.357063343 36461.9311763 477637.971339308
1985-09-01 9 5 1 1985 135029.79453 1098529.73398861 51574.9922707127 44172.2698644003 528016.501951961
1985-09-08 9 6 8 1985 130515.0858158 523162.328549054 70609.8277683174 136232.663298 37686.6905518088
1985-09-15 9 7 15 1985 79749.2173 1305730.19164185 133042.590307593 375274.076939301 385942.93011603
1985-09-22 9 8 22 1985 86299.71177 1243164.91951421 114548.635851849 326772.237635739 742780.881553629
1985-09-29 9 9 29 1985 199918.614430609 1122106.44845075 132081.06821112 202155.1994955 508204.50587032
1985-10-06 10 10 6 1985 184195.389978679 739104.186655132 137823.851774218 184195.389978679 282712.48073375
1985-10-13 10 11 13 1985 234246.51277659 1254225.47585539 151311.931693865 234246.51277659 362590.03679554
1985-10-20 10 12 20 1985 259399.0558213 1506117.23095192 167442.785182351 259399.0558213 255974.007090752
1985-10-27 10 13 27 1985 348550.638109033 2059429.16851928 178003.779459817 348550.638109033 440792.252411106
1985-11-03 11 14 3 1985 348457.934033662 585810.054716723 198248.442221143 348457.934033662 654346.720739137
1985-11-10 11 15 10 1985 200628.5874 1479584.65765788 280780.499938285 200628.5874 860996.236510584
1985-11-17 11 16 17 1985 188344.3454 2420948.46999391 229806.803021143 188344.3454 825578.655400584
1985-11-24 11 17 24 1985 154609.921299999 840943.989080004 228549.707631143 154609.921299999 488803.240055164
1985-12-01 12 18 1 1985 150170.9734 1058384.97039369 1017743.43132114 150170.9734 1290085.20329077
1985-12-08 12 19 8 1985 181853.2458 1476538.843575 556302.712257431 181853.2458 413472.164290772
1985-12-15 12 20 15 1985 175945.5577 1653745.21388626 220051.546011143 175945.5577 392214.928160772
1985-12-22 12 21 22 1985 170120.3888 1801030.71083636 215078.092051143 170120.3888 374136.776760772
1985-12-29 12 22 29 1985 167916.600499999 664460.483169987 208549.682351143 167916.6005 362709.314330772
1986-01-05 1 23 5 1986 211450.8758 1349511.43935624 199005.612111143 161450.8758 373267.224086354
1986-01-12 1 24 12 1986 206019.9114 1429087.05890036 134987.590007632 156019.9114 401293.028297326
1986-01-19 1 25 19 1986 229068.7918 1633904.10506434 65971.0800745254 179068.7918 458665.654442706
1986-01-26 1 26 26 1986 356721.3214 2070114.04428356 0 306721.321400001 504484.187448417
1986-02-02 2 27 2 1986 250406.8315 1930244.07337397 0 200406.8315 497822.115661027
1986-02-09 2 28 9 1986 377103.905 1878265.68727655 0 339603.905 555596.26694737
1986-02-16 2 29 16 1986 275169.2295 1721471.88134676 0 237669.2295 533045.653489865
1986-02-23 2 30 23 1986 1275838.501 1182314.10161591 0 1238338.501 653353.802999865
1986-03-02 3 31 2 1986 1395939.116443 962465.199403675 0 1358439.116443 805049.679883398
1986-03-09 3 32 9 1986 980259.191928999 2361257.08000311 0 955259.191929 1047008.56978213
1986-03-16 3 33 16 1986 978738.162330301 1989999.34974617 0 953738.162330301 1257178.8284219
1986-03-23 3 34 23 1986 632813.896628 2096899.94289774 0 607813.896628 930640.441450898
1986-03-30 3 35 30 1986 655937.732268099 1185044.24312445 0 630937.7322681 1001439.2154948
1986-04-06 4 36 6 1986 1086834.69583321 2266162.91917512 0 1049334.69583321 1687859.83679335
1986-04-13 4 37 13 1986 1037719.9111742 1495851.38623088 0 1000219.9111742 1371868.13623088
1986-04-20 4 38 20 1986 931389.1188528 1514320.82584293 0 893889.1188528 1390337.57584293
1986-04-27 4 39 27 1986 787230.28546268 1582518.80819402 0 749730.28546268 1008824.78712938
1986-05-04 5 40 4 1986 373253.543076768 1924186.5076 0 831067.3125432 1524164.11149956
1986-05-11 5 41 11 1986 734056.694844432 2092510.5486 0 926242.925378 1541226.34590862
1986-05-18 5 42 18 1986 927188.249695076 2096952.7554 0 927188.249695076 2123401.19593827
1986-05-25 5 43 25 1986 594984.901293008 2363426.45569201 27327.4410460051 594984.901293008 1558313.28921194
1986-06-01 6 44 1 1986 1146732.92977513 2621937.81861539 630731.399687679 1146732.92977513 2399165.18075086
1986-06-08 6 45 8 1986 1477503.25427966 1930391.3086233 2116192.44832527 1477503.25427966 3708645.07474722
1986-06-15 6 46 15 1986 1162807.7554545 1291244.00549802 2152400 1162807.7554545 3585983.42986661
1986-06-22 6 47 22 1986 490763.46739 1586334.43686588 2152400 490763.46739 3626078.30827877
1986-06-29 6 48 29 1986 333680.884958 1327161.3687823 2152400 333680.884958 2471670.57110322
1986-07-06 7 49 6 1986 261827.020700309 941757.34628091 2152400 224365.942025 1264021.71990902
1986-07-13 7 50 13 1986 250305.08786456 953347.83473898 1804770.93446653 237102.732627 914238.60940795
1986-07-20 7 51 20 1986 263082.523958422 1380443.02277493 1338446.97379162 136143.946424 600583.002376111
1986-07-27 7 52 27 1986 215818.193500709 1391517.76880753 152909.624768819 156420.204948 401790.115216086
1986-08-03 8 1 3 1986 170985.383833 1004112.99397902 138132.614770663 170985.383833 368132.095627707
1986-08-10 8 2 10 1986 127215.360663 1142617.37337146 106149.509400804 127215.360663 239078.666533472
1986-08-17 8 3 17 1986 110642.981846 935541.439330199 86788.6309862407 94717.6140109998 502736.857653866
1986-08-24 8 4 24 1986 115358.48888 749231.046722985 69985.0808558725 105263.6454765 360540.50591189
1986-08-31 8 5 31 1986 118617.5188662 668422.967308389 48483.2828944577 144637.7301047 249817.457678619
1986-09-07 9 6 7 1986 109320.90783 994365.59527484 62084.0069844341 154918.8535435 240961.318508823
1986-09-14 9 7 14 1986 108008.6179678 1329551.86646006 47306.7163362438 193674.89115 260774.27491454
1986-09-21 9 8 21 1986 107646.1538022 1432246.63288394 55869.2524435595 206142.6510383 429389.37951425
1986-09-28 9 9 28 1986 261529.421231827 1393190.24025687 53253.7143157963 268768.705100028 328127.180402767
1986-10-05 10 10 5 1986 371740.304647962 1615004.1913879 88929.5291589526 371740.304647962 522261.141378701
1986-10-12 10 11 12 1986 275454.689773302 1718648.4342868 86175.3485855116 275454.689773302 337732.951532452
1986-10-19 10 12 19 1986 218057.065168075 1932222.36062776 42958.967558952 218057.065168075 324935.19422203
1986-10-26 10 13 26 1986 209715.163666893 2189002.497793 0 209715.163666893 269504.415222984
1986-11-02 11 14 2 1986 243693.904079895 945936.160246268 0 243693.904079895 137764.594697083
1986-11-09 11 15 9 1986 186802.6878 2352265.94809482 0 186802.6878 409445.324764131
1986-11-16 11 16 16 1986 183782.9878 2250004.491854 0 183782.9878 369946.173264131
1986-11-23 11 17 23 1986 178819.1799 963840.448655002 0 178819.1799 303817.297264131
1986-11-30 11 18 30 1986 219245.4648 1001475.76707001 0 219245.4648 467790.696864131
1986-12-07 12 19 7 1986 199420.861799999 3106132.37293605 0 199420.861799999 1197924.9047219
1986-12-14 12 20 14 1986 193968.6881 2628908.32376347 0 193968.6881 417665.433150965
1986-12-21 12 21 21 1986 180020.449 1793439.25634462 0 180020.449 385921.638450965
1986-12-28 12 22 28 1986 174778.474 929415.600753617 0 174778.474 370309.104450965
1987-01-04 1 23 4 1987 227277.9771 2328981.04205571 0 177277.9771 397053.867916354
1987-01-11 1 24 11 1987 261025.217 2381145.0822154 0 211025.217 424015.165259295
1987-01-18 1 25 18 1987 229077.9155 2380805.98082991 0 179077.9155 460792.464040965
1987-01-25 1 26 25 1987 220823.0587 2314107.35757866 0 170823.0587 466747.770825161
1987-02-01 2 27 1 1987 281582.1504 2386535.19625418 0 231582.1504 463630.954081055
1987-02-08 2 28 8 1987 330104.4231 2899566.44373152 0 292604.4231 498145.023046966
1987-02-15 2 29 15 1987 336521.7318 1440998.4069621 0 299021.7318 504948.117818277
1987-02-22 2 30 22 1987 425841.2285 858898.317864569 0 388341.2285 541288.85976077
1987-03-01 3 31 1 1987 320690.15890798 777753.569473527 0 283190.15890798 496645.860325779
1987-03-08 3 32 8 1987 290341.516935 803803.55806035 0 290341.516935 502759.609480477
1987-03-15 3 33 15 1987 413044.4828747 914134.020267504 0 413044.4828747 1070107.8182112
1987-03-22 3 34 22 1987 379618.25359422 1048394.522515 0 379618.25359422 1112971.12756952
1987-03-29 3 35 29 1987 310744.51751552 968669.315259996 0 310744.51751552 920494.781048454
1987-04-05 4 36 5 1987 300804.617327 792407.697374457 0 319554.617327 544897.571161361
1987-04-12 4 37 12 1987 416446.91844837 1505506.3759036 0 435196.91844837 1100128.06807803
1987-04-19 4 38 19 1987 398873.34537888 1050942.51758668 0 417623.34537888 1125046.26552159
1987-04-26 4 39 26 1987 466864.35998 1362687.21961185 0 485614.35998 1568514.28770247
1987-05-03 5 40 3 1987 47129.707838198 1790039.25 0 318224.1930068 1564706.86539754
1987-05-10 5 41 10 1987 287693.712328602 2061698.65707494 0 341599.22716 3137980.84011254
1987-05-17 5 42 17 1987 281956.733796282 2859159.47041699 512357.513122629 146305.55682 3172563.3960079
1987-05-24 5 43 24 1987 253200.379000282 1323844.78502078 1309518.77508642 151851.555976565 2364789.05446544
1987-05-31 5 44 31 1987 412004.05209 647682.649096613 1122658.43750878 412004.05209 1041386.40524066
1987-06-07 6 45 7 1987 121027.168003791 1019729.91138011 1821651.31152758 358027.168003791 2317882.73567741
1987-06-14 6 46 14 1987 264539.599965681 990935.740107587 1811688.64881845 199866.717113001 1391785.78171716
1987-06-21 6 47 21 1987 220668.282174669 1430527.52441003 1675690.67656217 76769.4740010003 1814676.32477549
1987-06-28 6 48 28 1987 111968.9434564 2058825.21347535 1474569.54753145 -10091.1071264004 2046076.9140297
1987-07-05 7 49 5 1987 113965.381787 646985.08 1089083.85849788 -1146.48111799971 79833.3263939179
1987-07-12 7 50 12 1987 109752.9576566 968910.884416751 233555.831893129 20710.0421060003 121943.980243495
1987-07-19 7 51 19 1987 112540.569139 866608.773786571 162063.214501677 53288.2618370001 443631.777118243
1987-07-26 7 52 26 1987 83115.84057507 801191.670150129 280316.173131152 219767.819365899 386107.091827557
1987-08-02 8 1 2 1987 84847.4108032 1243210.80409154 135042.667155087 105838.855019 845990.226384031
1987-08-09 8 2 9 1987 128156.282613 850006.486088716 84600.0641088998 -7482.40517600039 416098.816051342
1987-08-16 8 3 16 1987 136305.9614781 875169.604414843 104989.133218842 10875.0911177002 340261.197587727
1987-08-23 8 4 23 1987 128059.447836 1174226.86132073 257414.043849048 60342.9247145002 799081.508991571
1987-08-30 8 5 30 1987 134446.613062 603221.750160614 109877.461626488 57791.4325903 448445.904014458
1987-09-06 9 6 6 1987 124317.4813449 486609.688002478 41707.4288033731 103265.988719 254390.484708622
1987-09-13 9 7 13 1987 134080.14909 656263.24940323 8274.55291410536 95548.9696480001 242904.270110227
1987-09-20 9 8 20 1987 136592.6227342 864763.079282506 0 85115.2648869999 135789.103896617
1987-09-27 9 9 27 1987 110961.496584181 1279593.38780651 0 86858.1926019994 257661.014955356
1987-10-04 10 10 4 1987 130231.0188807 1409419.76198885 0 131162.187086 246761.29804151
1987-10-11 10 11 11 1987 125730.834415448 1831390.48984996 0 169831.04560259 304099.343658714
1987-10-18 10 12 18 1987 127162.250839065 2094817.16975986 0 172053.119377232 251426.097317098
1987-10-25 10 13 25 1987 124801.947688726 2076026.10932771 0 179504.988823709 276716.807881331
1987-11-01 11 14 1 1987 127024.537795711 575011.143765911 0 177667.091429817 233998.266526275
1987-11-08 11 15 8 1987 132831.02882 2664590.4759 0 158945.0842 205467.625454131
1987-11-15 11 16 15 1987 109823.38447 1755943.96495084 0 230585.3074 274913.423924131
1987-11-22 11 17 22 1987 114917.05217 1051627.21187001 0 187135.0833 319386.469544131
1987-11-29 11 18 29 1987 143518.22476 966812.944529995 0 112561.3719 283830.415724131
1987-12-06 12 19 6 1987 129291.9057 2926561.59659692 0 166160.4773 597203.23788225
1987-12-13 12 20 13 1987 97886.62565 2540564.92602366 0 255254.9308 543178.156980965
1987-12-20 12 21 20 1987 111891.82852 2160419.63000762 0 196215.2774 427082.963850965
1987-12-27 12 22 27 1987 132539.39143 1018256.08456292 0 151095.167599999 335597.243770965
1988-01-03 1 23 3 1988 131749.15168 2322089.89636812 0 152575.3636 312291.523643083
1988-01-10 1 24 10 1988 131944.22551 2295588.5507298 0 154569.6066 293787.890813083
1988-01-17 1 25 17 1988 116469.6736 2347469.7510356 0 214144.4946 286308.399023083
1988-01-24 1 26 24 1988 223777.455789698 2721081.49838676 0 179129.9407 379164.387786187
1988-01-31 1 27 31 1988 201811.6475 2517288.59661257 0 151811.6475 366298.654002442
1988-02-07 2 28 7 1988 253610.1321 1850070.22038278 0 216110.1321 518068.41751739
1988-02-14 2 29 14 1988 257413.5057 876502.967067332 0 219913.5057 494282.766717868
1988-02-21 2 30 21 1988 307888.0488 789978.6625825 0 270388.0488 615898.168624691
1988-02-28 2 31 28 1988 313952.1938 757107.032096558 0 276452.1938 583211.567789865
1988-03-06 3 32 6 1988 263694.96644965 688230.00873 0 263694.96644965 533259.89748201
1988-03-13 3 33 13 1988 248560.238915874 678531.314295 0 248560.238915874 547507.851147973
1988-03-20 3 34 20 1988 212091.42681769 674235.4440375 0 212091.42681769 491156.910273973
1988-03-27 3 35 27 1988 295956.3511382 720844.2574875 0 295956.3511382 543073.834410432
1988-04-03 4 36 3 1988 241576.149269 643255.51707 0 260326.149269 674923.499774541
1988-04-10 4 37 10 1988 260518.251003 720708.286252583 0 279268.251003 573222.739602211
1988-04-17 4 38 17 1988 310631.0550065 1075618.08384366 0 329381.0550065 509451.480258303
1988-04-24 4 39 24 1988 636454.588005 540497.25 0 655204.588005 1895682.12818796
1988-05-01 5 40 1 1988 343837.853157 1790039.25 0 431837.853157 1777313.82799529
1988-05-08 5 41 8 1988 268660.16356117 2036549.72367429 0 268660.16356117 1532412.94825259
1988-05-15 5 42 15 1988 330873.3253815 2330937.3888 0 330873.3253815 1370392.69862754
1988-05-22 5 43 22 1988 208930.410117908 2511658.249 0 298301.769453931 2928656.31544212
1988-05-29 5 44 29 1988 187779.875507101 2435352.23366206 0 246408.0717465 1830190.65813245
1988-06-05 6 45 5 1988 552401.531638221 2259523.31072023 360711.044682578 641401.9760628 2379684.33335165
1988-06-12 6 46 12 1988 245817.758755 2302572.65342764 1256146.9469139 245817.758755 2136839.31518795
1988-06-19 6 47 19 1988 138877.464200145 1175047.81693851 1490614.97754816 95494.2759110004 1925061.93119696
1988-06-26 6 48 26 1988 93172.2786209 1155096.73882614 1770315.34882119 -36949.1770850006 1652464.8961415
1988-07-03 7 49 3 1988 101370.970204955 1200854.85233188 1626401.18883551 37875.6142 663629.170840561
1988-07-10 7 50 10 1988 123603.0117907 1493694.59681275 514149.225433252 -11503.89844 460757.134051332
1988-07-17 7 51 17 1988 134325.211189 1583056.16694037 187873.979165897 -27904.13083 344920.36390232
1988-07-24 7 52 24 1988 139736.2621386 887085.168865412 283699.802736688 -29838.33836 771832.628230658
1988-07-31 7 52 31 1988 143504.5401283 810825.367827771 96047.6792128002 -36131.46229 452483.188274243
1988-08-07 8 1 7 1988 91754.4666933999 575343.921899402 129624.5625505 -1698.67814 226192.259790552
1988-08-14 8 2 14 1988 0 961029.248159182 87584.2800763752 -7878.36942 399756.005000359
1988-08-21 8 3 21 1988 0 862449.17763288 58195.5172200203 -4792.63286 226450.436382749
1988-08-28 8 4 28 1988 0 1032765.70406054 63611.3550075116 -5796.94291 377136.244111339
1988-09-04 9 5 4 1988 0 669396.370349461 29117.8087152326 13507.83761 177825.564067714
1988-09-11 9 6 11 1988 29042.16384 1101966.48616747 0 34002.27142 65908.06610501
1988-09-18 9 7 18 1988 48768.40853 1496510.15453705 0 48768.40853 198608.898713735
1988-09-25 9 8 25 1988 77239.37264 1580889.06773488 3722.58677924424 77239.37264 207128.141120559
1988-10-02 10 9 2 1988 69611.00001 1650707.46000306 14788.4166762177 69611.00001 216592.847164034
1988-10-09 10 10 9 1988 112196.022394992 1762510.10601426 0 112196.022394992 297256.122524936
1988-10-16 10 11 16 1988 132168.45286769 1867678.64431337 0 132168.45286769 159145.947814414
1988-10-23 10 12 23 1988 129715.41727748 2326345.8996439 0 129715.41727748 245528.618042868
1988-10-30 10 13 30 1988 129886.4141291 1951861.40598965 0 129886.4141291 394829.535890895
1988-11-06 11 14 6 1988 109402.024107748 549338.836391938 0 109402.024107748 143096.531308384
1988-11-13 11 15 13 1988 123085.08252 2838785.53991376 0 182496.2066 447657.852555164
1988-11-20 11 16 20 1988 112175.5513 2037167.07550127 0 209421.7601 395463.123065164
1988-11-27 11 17 27 1988 125292.7581 968553.621720009 0 186453.1902 357149.985675164
1988-12-04 12 18 4 1988 101255.88807 1133183.25508749 0 228961.9684 1125658.84624692
1988-12-11 12 19 11 1988 122139.42724 2538198.65068289 0 186585.4919 354811.035800966
1988-12-18 12 20 18 1988 126183.93799 2547117.37206969 0 178002.5967 338078.849130965
1988-12-25 12 21 25 1988 128176.40015 1757910.59220993 0 166553.9904 346247.114630965
1989-01-01 1 22 1 1989 130710.35825 2250636.896365 0 156262.248100001 440972.554323083
1989-01-08 1 23 8 1989 124959.94084 1580309.52167216 0 169286.3621 361469.839093083
1989-01-15 1 24 15 1989 124727.9038 1785662.70868475 0 167891.2457 369923.356823083
1989-01-22 1 25 22 1989 128081.77403 1730074.05443221 0 159692.294300001 380785.881563083
1989-01-29 1 26 29 1989 123708.86963 1932618.6379585 0 172158.0768 415940.720663083
1989-02-05 2 27 5 1989 137990.52488 1961335.12423393 0 171722.9855 683422.029859865
1989-02-12 2 28 12 1989 250957.0757 2257531.8656401 0 213457.0757 365027.788479865
1989-02-19 2 29 19 1989 242219.2539 1862341.82954018 0 204719.2539 342923.008579865
1989-02-26 2 30 26 1989 287613.6606 1608739.48038297 0 250113.6606 338818.730349865
1989-03-05 3 31 5 1989 291519.24181939 922232.645353408 0 254019.24181939 289072.104985973
1989-03-12 3 32 12 1989 352203.815097301 575155.434653677 0 327203.8150973 304446.546758673
1989-03-19 3 33 19 1989 942370.768442 703437.123224996 0 917370.768442 495992.998455293
1989-03-26 3 34 26 1989 449017.6003629 711724.996749995 0 424017.6003629 449628.289642973
1989-04-02 4 35 2 1989 617213.6643712 915803.723957496 0 592213.6643712 615982.290051635
1989-04-09 4 36 9 1989 628204.986398 680314.717167506 0 578204.986398 648731.139376635
1989-04-16 4 37 16 1989 941067.3155283 895617.661259448 0 891067.3155283 1002339.0972109
1989-04-23 4 38 23 1989 1107794.355368 1508576.61254366 0 1057794.355368 1688324.85492047
1989-04-30 4 39 30 1989 1289051.6924683 3268435.30138152 0 1239051.6924683 2778692.86528152
1989-05-07 5 40 7 1989 118932.23565279 2300808.30756694 0 818932.23565279 2476041.80608778
1989-05-14 5 41 14 1989 625706.31197518 2490615.9383 0 625706.31197518 3385496.40317963
1989-05-21 5 42 21 1989 809121.379353747 2351553.09358447 928873.334263409 809121.379353747 3383359.14017287
1989-05-28 5 43 28 1989 397842.576651 491065.935300001 1161809.10815964 397842.576651001 2463007.86691483
1989-06-04 6 44 4 1989 363099.0727687 612429.550404831 1661777.22869145 363099.0727687 2106184.22664639
1989-06-11 6 45 11 1989 529242.750013 996478.02678654 2113692.88118144 529242.750013 3069200.14886047
1989-06-18 6 46 18 1989 427494.011675 1068701.94751016 2152400 427494.011675 3643434.1305212
1989-06-25 6 47 25 1989 273063.292593 993312.48186343 2152400 273063.292593 3665514.80174217
1989-07-02 7 48 2 1989 99602.8654620005 198008.506227333 2152400 99602.8654620005 1551513.81567219
1989-07-09 7 49 9 1989 85976.603489 302518.880763976 2152400 24879.9220999999 1204733.4421696
1989-07-16 7 50 16 1989 124109.02880216 617428.02843769 1844189.41208869 46749.2028370002 473404.699644177
1989-07-23 7 51 23 1989 124493.054951199 1106272.22272022 628765.158340456 35681.6605170003 539337.533687306
1989-07-30 7 52 30 1989 119730.7514497 697820.352337877 170764.763048269 11958.893026 472484.914043537
1989-08-06 8 1 6 1989 117606.3177773 733072.45149324 128835.606302404 47270.6119169994 408226.330687394
1989-08-13 8 2 13 1989 120459.383196 797370.139848795 250862.724377022 76616.8977800002 566917.108608278
1989-08-20 8 3 20 1989 119350.370117 1109738.35318648 517097.316283878 77495.6421925 791998.675197533
1989-08-27 8 4 27 1989 112374.5104778 682033.075805853 950011.421371994 150607.9868346 1308444.62904783
1989-09-03 9 5 3 1989 115714.284254028 810151.275607357 983865.026822552 134618.301524 1330132.13893968
1989-09-10 9 6 10 1989 129887.24366776 312437.773196708 1091198.10669829 114195.167058001 820275.743947342
1989-09-17 9 7 17 1989 130878.2560764 72334.7674055769 1148340.46020339 138453.853338 490130.677996976
1989-09-24 9 8 24 1989 99649.72227519 244995.764890117 920006.650816324 249925.66348 257729.886693432
1989-10-01 10 9 1 1989 126110.3148137 197659.423984376 641111.338150009 137345.37576 291508.233696668
1989-10-08 10 10 8 1989 109811.056032878 316324.343604974 377225.096784166 242524.674277923 283018.684940979
1989-10-15 10 11 15 1989 111418.776369617 700074.996159989 192615.54527849 204550.452156933 138882.360219331
1989-10-22 10 12 22 1989 134138.460583379 1203936.29940275 126433.897434744 135169.738744351 372242.1079639
1989-10-29 10 13 29 1989 173287.155339719 1559901.43114286 91580.7260746164 226951.246129525 349975.48947769
1989-11-05 11 14 5 1989 213994.939315303 737687.081725321 15888.5612241914 213994.939315304 412136.733486344
1989-11-12 11 15 12 1989 133307.70283 1035779.09175951 185163.023231073 131403.971 237788.894890584
1989-11-19 11 16 19 1989 133800.1039 2509230.97675144 250904.636903573 132984.4115 921137.464947048
1989-11-26 11 17 26 1989 150733.61817 1392097.9342793 128838.683191976 153453.0424 741129.231810584
1989-12-03 12 18 3 1989 234376.9718 1141013.02867 694677.366676074 234376.9718 1453231.35948619
1989-12-10 12 19 10 1989 202827.057 1721591.40581538 667499.115629101 202827.057 711184.557558168
1989-12-17 12 20 17 1989 175808.2002 2128261.67603267 669614.592162129 175808.2002 920208.027596192
1989-12-24 12 21 24 1989 152739.1946 1419876.66187168 576348.937265154 152739.1946 607607.510466192
1989-12-31 12 22 31 1989 154576.605 704966.720012485 288274.940998182 154576.605 514215.030896192
1990-01-07 1 23 7 1990 175064.6313 2119409.6158021 552254.61223913 125064.631300001 1115580.95460411
