Elevation	Volume
291	210000
291.1	211400
291.2	212900
291.3	214300
291.4	215800
291.5	217200
291.6	218700
291.7	220100
291.8	221600
291.9	223000
292	224400
292.1	225900
292.2	227300
292.3	228800
292.4	230200
292.5	231700
292.6	233100
292.7	234600
292.8	236000
292.9	237400
293	238900
293.1	240300
293.2	241800
293.3	243200
293.4	244700
293.5	246100
293.6	247600
293.7	249000
293.8	250400
293.9	251900
294	253300
294.1	254800
294.2	256200
294.3	257700
294.4	259100
294.5	260600
294.6	262000
294.7	263400
294.8	264900
294.9	266300
295	267800
295.1	269200
295.2	270700
295.3	272100
295.4	273600
295.5	275000
295.6	276400
295.7	277900
295.8	279300
295.9	280800
296	282200
296.1	283700
296.2	285100
296.3	286600
296.4	288000
296.5	289400
296.6	290900
296.7	292300
296.8	293800
296.9	295200
297	296700
297.1	298100
297.2	299600
297.3	301000
297.4	302400
297.5	303900
297.6	305300
297.7	306800
297.8	308200
297.9	309700
298	311100
298.1	312600
298.2	314000
298.3	315400
298.4	316900
298.5	318300
298.6	319800
298.7	321200
298.8	322700
298.9	324100
299	325600
299.1	327000
299.2	328400
299.3	329900
299.4	331300
299.5	332800
299.6	334200
299.7	335700
299.8	337100
299.9	338600
300	340000
300.1	341800
300.2	343500
300.3	345200
300.4	347000
300.5	348800
300.6	350500
300.7	352300
300.8	354000
300.9	355700
301	357500
301.1	359300
301.2	361000
301.3	362700
301.4	364500
301.5	366300
301.6	368000
301.7	369800
301.8	371500
301.9	373200
302	375000
302.1	376800
302.2	378500
302.3	380200
302.4	382000
302.5	383800
302.6	385500
302.7	387300
302.8	389000
302.9	390700
303	392500
303.1	394300
303.2	396000
303.3	397700
303.4	399500
303.5	401300
303.6	403000
303.7	404800
303.8	406500
303.9	408200
304	410000
304.1	411800
304.2	413500
304.3	415200
304.4	417000
304.5	418800
304.6	420500
304.7	422300
304.8	424000
304.9	425700
305	427500
305.1	429300
305.2	431000
305.3	432700
305.4	434500
305.5	436300
305.6	438000
305.7	439800
305.8	441500
305.9	443200
306	445000
306.1	446800
306.2	448500
306.3	450200
306.4	452000
306.5	453800
306.6	455500
306.7	457300
306.8	459000
306.9	460700
307	462500
307.1	464300
307.2	466000
307.3	467700
307.4	469500
307.5	471300
307.6	473000
307.7	474800
307.8	476500
307.9	478200
308	480000
308.1	481800
308.2	483500
308.3	485200
308.4	487000
308.5	488800
308.6	490500
308.7	492300
308.8	494000
308.9	495700
309	497500
309.1	499300
309.2	501000
309.3	502700
309.4	504500
309.5	506300
309.6	508000
309.7	509800
309.8	511500
309.9	513200
310	515000
310.1	517200
310.2	519400
310.3	521600
310.4	523800
310.5	526000
310.6	528200
310.7	530400
310.8	532600
310.9	534800
311	537000
311.1	539200
311.2	541400
311.3	543600
311.4	545800
311.5	548000
311.6	550200
311.7	552400
311.8	554600
311.9	556800
312	559000
312.1	561200
312.2	563400
312.3	565600
312.4	567800
312.5	570000
312.6	572200
312.7	574400
312.8	576600
312.9	578800
313	581000
313.1	583200
313.2	585400
313.3	587600
313.4	589800
313.5	592000
313.6	594200
313.7	596400
313.8	598600
313.9	600800
314	603000
314.1	605200
314.2	607400
314.3	609600
314.4	611800
314.5	614000
314.6	616200
314.7	618400
314.8	620600
314.9	622800
315	625000
315.1	627200
315.2	629400
315.3	631600
315.4	633800
315.5	636000
315.6	638200
315.7	640400
315.8	642600
315.9	644800
316	647000
316.1	649200
316.2	651400
316.3	653600
316.4	655800
316.5	658000
316.6	660200
316.7	662400
316.8	664600
316.9	666800
317	669000
317.1	671200
317.2	673400
317.3	675600
317.4	677800
317.5	680000
317.6	682200
317.7	684400
317.8	686600
317.9	688800
318	691000
318.1	693200
318.2	695400
318.3	697600
318.4	699800
318.5	702000
318.6	704200
318.7	706400
318.8	708600
318.9	710800
319	713000
319.1	715200
319.2	717400
319.3	719600
319.4	721800
319.5	724000
319.6	726200
319.7	728400
319.8	730600
319.9	732800
320	735000
320.1	737700
320.2	740300
320.3	742900
320.4	745600
320.5	748300
320.6	750900
320.7	753600
320.8	756200
320.9	758800
321	761500
321.1	764200
321.2	766800
321.3	769400
321.4	772100
321.5	774800
321.6	777400
321.7	780100
321.8	782700
321.9	785300
322	788000
322.1	790700
322.2	793300
322.3	795900
322.4	798600
322.5	801300
322.6	803900
322.7	806600
322.8	809200
322.9	811800
323	814500
323.1	817200
323.2	819800
323.3	822400
323.4	825100
323.5	827800
323.6	830400
323.7	833100
323.8	835700
323.9	838300
324	841000
324.1	843700
324.2	846300
324.3	848900
324.4	851600
324.5	854300
324.6	856900
324.7	859600
324.8	862200
324.9	864800
325	867500
325.1	870200
325.2	872800
325.3	875400
325.4	878100
325.5	880800
325.6	883400
325.7	886100
325.8	888700
325.9	891300
326	894000
326.1	896700
326.2	899300
326.3	901900
326.4	904600
326.5	907300
326.6	909900
326.7	912600
326.8	915200
326.9	917800
327	920500
327.1	923200
327.2	925800
327.3	928400
327.4	931100
327.5	933800
327.6	936400
327.7	939100
327.8	941700
327.9	944300
328	947000
328.1	949700
328.2	952300
328.3	954900
328.4	957600
328.5	960300
328.6	962900
328.7	965600
328.8	968200
328.9	970800
329	973500
329.1	976200
329.2	978800
329.3	981400
329.4	984100
329.5	986800
329.6	989400
329.7	992100
329.8	994700
329.9	997300
330	1000000
330.1	1003300
330.2	1006600
330.3	1009900
330.4	1013200
330.5	1016500
330.6	1019800
330.7	1023100
330.8	1026400
330.9	1029700
331	1033000
331.1	1036300
331.2	1039600
331.3	1042900
331.4	1046200
331.5	1049500
331.6	1052800
331.7	1056100
331.8	1059400
331.9	1062700
332	1066000
332.1	1069300
332.2	1072600
332.3	1075900
332.4	1079200
332.5	1082500
332.6	1085800
332.7	1089100
332.8	1092400
332.9	1095700
333	1099000
333.1	1102300
333.2	1105600
333.3	1108900
333.4	1112200
333.5	1115500
333.6	1118800
333.7	1122100
333.8	1125400
333.9	1128700
334	1132000
334.1	1135300
334.2	1138600
334.3	1141900
334.4	1145200
334.5	1148500
334.6	1151800
334.7	1155100
334.8	1158400
334.9	1161700
335	1165000
335.1	1168700
335.2	1172400
335.3	1176100
335.4	1179800
335.5	1183500
335.6	1187200
335.7	1190900
335.8	1194600
335.9	1198300
336	1202000
336.1	1205700
336.2	1209400
336.3	1213100
336.4	1216800
336.5	1220500
336.6	1224200
336.7	1227900
336.8	1231600
336.9	1235300
337	1239000
337.1	1242700
337.2	1246400
337.3	1250100
337.4	1253800
337.5	1257500
337.6	1261200
337.7	1264900
337.8	1268600
337.9	1272300
338	1276000
338.1	1279700
338.2	1283400
338.3	1287100
338.4	1290800
338.5	1294500
338.6	1298200
338.7	1301900
338.8	1305600
338.9	1309300
339	1313000
339.1	1316700
339.2	1320400
339.3	1324100
339.4	1327800
339.5	1331500
339.6	1335200
339.7	1338900
339.8	1342600
339.9	1346300
340	1350000
