time	ModMcNaryFlowData
1	7526850
2	4639690
3	4583950
4	4131790
5	3401320
6	2954560
7	2855270
8	4703630
9	5660200
10	16454500
11	22107100
12	10234200
13	6569170
14	4076450
15	3167490
16	2612020
17	3426710
18	2175570
19	4612320
20	4325560
21	11439900
22	15350700
23	17689500
24	11737400
25	7140080
26	4628200
27	3676050
28	3179260
29	2777500
30	2883820
31	2940850
32	4725450
33	7751910
34	17780300
35	15665900
36	9475680
37	5749960
38	4603270
39	3603610
40	3746670
41	3256730
42	3272180
43	3080250
44	9457320
45	14601100
46	29276100
47	28021000
48	14031300
49	8080660
50	4821530
51	4163320
52	5792820
53	5256230
54	4784720
55	3224340
56	5365110
57	9991540
58	21785900
59	39183100
60	20240900
61	9832790
62	5970780
63	6144730
64	8712730
65	12756500
66	11229400
67	7234960
68	10092100
69	22398000
70	26344200
71	18598800
72	10674900
73	6935340
74	4497380
75	4093060
76	6304120
77	4801590
78	4812280
79	5218060
80	5569910
81	9040790
82	21628100
83	25192300
84	16439300
85	8240670
86	5068170
87	3801740
88	3367040
89	3070380
90	3375780
91	2447010
92	5230380
93	15324800
94	28093100
95	20909800
96	10214400
97	6630300
98	4367570
99	3358670
100	2767430
101	2850240
102	2039450
103	2504470
104	3727670
105	6571740
106	17979700
107	20654100
108	11881600
109	6304280
110	4634450
111	3990670
112	5379590
113	5180430
114	5251600
115	4044610
116	7586990
117	15058500
118	27347300
119	28914800
120	14302300
121	6263640
122	5310230
123	4405500
124	3869340
125	3816930
126	3792240
127	3057320
128	5948800
129	12393400
130	24073300
131	16117700
132	12469300
133	6982390
134	4495330
135	4345760
136	4175010
137	4589520
138	3591590
139	4448850
140	8005760
141	12675200
142	21404000
143	17094500
144	10119200
145	6195260
146	5478930
147	5464600
148	4402710
149	4407940
150	4153090
151	3778520
152	6106990
153	9849450
154	16395000
155	15998700
156	9921170
157	6421600
158	6344170
159	7096850
160	6510140
161	8943870
162	4976950
163	4694830
164	5097700
165	12485100
166	20071200
167	23074700
168	15870900
169	8111770
170	4794280
171	4152960
172	4662950
173	5085440
174	5185040
175	5338580
176	6974450
177	23159700
178	21705300
179	28180500
180	21591800
181	8875660
182	4799270
183	4592520
184	3978140
185	3751740
186	3147800
187	2962750
188	3658490
189	6457290
190	14913600
191	16782500
192	8697850
193	6184940
194	4783360
195	4329020
196	4102900
197	3177560
198	4158960
199	4285190
200	4888640
201	6313940
202	22439200
203	24447900
204	12273700
205	6167320
206	4493720
207	4256640
208	4817280
209	4803230
210	5497650
211	4077080
212	7648430
213	15375600
214	32176800
215	27107700
216	14982000
217	7578960
218	5555420
219	4731990
220	5291390
221	8277840
222	5194600
223	6050750
224	8059230
225	13033300
226	31435500
227	24700900
228	13988200
229	7070080
230	5293810
231	7837980
232	7010580
233	5902360
234	6062780
235	5012540
236	5594720
237	11865200
238	36472600
239	44878800
240	14901500
241	9696920
242	5878290
243	5109030
244	4652810
245	3945730
246	3243390
247	4909790
248	8236580
249	14996700
250	34956900
251	20484800
252	9824220
253	6600850
254	4543410
255	4050970
256	5226370
257	5620960
258	4500760
259	5815420
260	9399630
261	12679900
262	23330300
263	39503300
264	24336800
265	9598920
266	5800810
267	6355520
268	7738400
269	8494930
270	7554480
271	9501560
272	7641800
273	16078900
274	33032100
275	25391400
276	18970600
277	8453130
278	5745800
279	7427940
280	5732280
281	5709020
282	4834790
283	5529200
284	6144460
285	19370200
286	32767500
287	24109500
288	14375800
289	7499480
290	4358350
291	3685040
292	3255340
293	3378670
294	6202610
295	6447850
296	5713180
297	8418650
298	22732400
299	32523000
300	18175000
301	8462950
302	5192240
303	4758370
304	4977740
305	5210850
306	4804600
307	5683840
308	6479980
309	10227200
310	29644300
311	30494700
312	26215800
313	11286900
314	7820040
315	5283270
316	6096640
317	5171820
318	4158810
319	3751940
320	3947260
321	7292420
322	18246300
323	33637800
324	22037900
325	8794290
326	5160610
327	5610410
328	7071710
329	8448770
330	7644950
331	4811290
332	8601000
333	20908100
334	38442400
335	36699500
336	17086500
337	8130200
338	5370990
339	5664430
340	5017770
341	5647150
342	3839430
343	4887010
344	8224990
345	11221200
346	40551600
347	26535600
348	11098000
349	6304340
350	4552540
351	4547210
352	4198230
353	4374430
354	4248690
355	6688900
356	6689800
357	12402100
358	33885100
359	25362200
360	10833700
361	6677130
362	4813350
363	5171700
364	6153290
365	6994980
366	7956840
367	5450470
368	6332790
369	12734500
370	25367500
371	35366600
372	19640300
373	8438010
374	8604390
375	9585780
376	8927320
377	7132270
378	4775350
379	5239490
380	7620620
381	15957900
382	20544800
383	27633600
384	16388500
385	7618270
386	5292380
387	4691420
388	5055660
389	3832180
390	3956400
391	7840190
392	7672450
393	10201400
394	28040400
395	36570500
396	11377500
397	6881590
398	4375760
399	4880110
400	4015530
401	3889830
402	4149900
403	4974040
404	5015260
405	15364500
406	21699200
407	26306300
408	13471600
409	8215100
410	4686510
411	5676080
412	6225900
413	6898070
414	4815270
415	8028560
416	6332640
417	9881850
418	21045400
419	25366900
420	14276700
421	7443180
422	5572260
423	4313900
424	4395140
425	3978690
426	3888260
427	3436750
428	4391640
429	8969710
430	22327800
431	40175900
432	19745900
433	8836370
434	6014520
435	6229310
436	5547300
437	8621890
438	7846350
439	8167060
440	8116400
441	16818300
442	27600900
443	33490400
444	16779700
445	10096800
446	5810390
447	5809210
448	5371020
449	4460740
450	4449250
451	3520560
452	5827030
453	11753100
454	21645600
455	23620500
456	14884200
457	7333480
458	4826590
459	4188610
460	4421580
461	5283470
462	5523150
463	5234900
464	5604900
465	7155440
466	23847900
467	41880000
468	19503900
469	8160690
470	5347130
471	5320520
472	5711170
473	4770860
474	5293990
475	7349640
476	8998710
477	6972860
478	19974100
479	28452100
480	16857300
481	8702360
482	7351810
483	6752240
484	6915790
485	5823820
486	6942930
487	4829260
488	7072200
489	20286800
490	33865700
491	28238500
492	13665500
493	6444780
494	4827660
495	5119100
496	4651610
497	4232420
498	5962510
499	5695760
500	6087500
501	6646120
502	22776400
503	30818700
504	12841000
505	6573600
506	4682710
507	4255500
508	4612340
509	4864370
510	7192650
511	9467140
512	7923470
513	13697300
514	37407400
515	36624700
516	19051500
517	10019800
518	5839550
519	4977690
520	5053730
521	4430570
522	5578140
523	6360050
524	17776900
525	13080100
526	33756300
527	46103800
528	21457600
529	10973200
530	6114010
531	5685940
532	4600670
533	4989160
534	5367040
535	3728450
536	5408970
537	6372730
538	17541200
539	17718100
540	10713200
541	5977220
542	3940160
543	4198300
544	6811430
545	7942810
546	12721300
547	7949480
548	9735010
549	18735900
550	28355900
551	49237400
552	23734900
553	10323900
554	5506420
555	4559800
556	4295850
557	4206260
558	4728390
559	4295950
560	6462490
561	7985940
562	24669700
563	36645900
564	21651500
565	8911630
566	6125230
567	6643880
568	7339090
569	10655100
570	7416020
571	5623530
572	6646990
573	15030700
574	34726300
575	26872600
576	21201600
577	14696300
578	9278270
579	5115070
580	4096390
581	3552800
582	3435230
583	3293730
584	3685350
585	6096750
586	13451000
587	14493900
588	7477710
589	6507350
590	4598750
591	3872780
592	4488030
593	8293200
594	5338920
595	5005340
596	8269650
597	14401400
598	23725700
599	27360600
600	17912800
601	8324300
602	8176320
603	5802120
604	4679320
605	3717670
606	3287990
607	4268690
608	7085510
609	8128360
610	24600300
611	19147000
612	10898400
613	6052430
614	4488280
615	3574580
616	3124820
617	4188530
618	4113050
619	3994000
620	5975320
621	12653700
622	30713600
623	22956800
624	11505500
625	6123840
626	5276170
627	4775440
628	5141560
629	8086600
630	7479470
631	6996520
632	6635010
633	9579570
634	25323600
635	26026500
636	17749700
637	9716530
638	5171830
639	4995660
640	5449390
641	5300080
642	4825980
643	10210000
644	10622400
645	12167400
646	28128300
647	37906400
648	21730400
649	9911560
650	7064640
651	6330150
652	5328710
653	5508000
654	7219400
655	7636200
656	13919900
657	13261300
658	25996800
659	27949700
660	18459600
661	9708580
662	5808640
663	4922550
664	7900570
665	5201230
666	8017400
667	6338970
668	10775100
669	14528800
670	21483200
671	33854200
672	18406800
673	9034800
674	5725330
675	5206480
676	5197420
677	4215360
678	3631290
679	3389540
680	5185370
681	13599800
682	25623500
683	21238600
684	9723880
685	5554990
686	5327610
687	5538310
688	6386010
689	4075420
690	4925850
691	8373230
692	14964100
693	15075400
694	21858500
695	27787000
696	12213200
697	6630640
698	5064930
699	5028030
700	5074610
701	4373640
702	3608480
703	3845370
704	8018990
705	10464300
706	22952000
707	15128400
708	9066230
709	5517110
710	3890120
711	2806190
712	2939240
713	3225950
714	2857670
715	2920620
716	4540980
717	11882300
718	19020100
719	18957000
720	9916650
721	5640100
722	3736000
723	4341220
724	4950500
725	3897060
726	3563940
727	2965550
728	7452130
729	14733100
730	22806000
731	22691100
732	10896600
733	7357770
734	4746730
735	3957150
736	6785080
737	5762100
738	5584690
739	4269090
740	6043350
741	15741000
742	19408200
743	29569500
744	16677500
745	8048220
746	4490660
747	4327810
748	8655290
749	5843720
750	4997460
751	6527890
752	6310030
753	11040600
754	25729300
755	27877000
756	20406500
757	9446540
758	4807690
759	3398960
760	3804030
761	3797610
762	3410150
763	4674790
764	6754370
765	9330870
766	18236300
767	14786900
768	8869600
769	5106830
770	3575640
771	4078730
772	3968580
773	3123790
774	3069720
775	2706780
776	6800890
777	10410600
778	28151500
779	18862100
780	11768300
781	7859770
782	4699900
783	3863730
784	3171890
785	3531540
786	3757260
787	2661460
788	5443280
789	12722900
790	20123500
791	16087200
792	10271500
793	5451050
794	3404270
795	3159470
796	3044040
797	3697790
798	4663340
799	8373670
800	10022700
801	9677240
802	23229600
803	28669900
804	14559200
805	7460390
806	4973500
807	6019160
808	9427440
809	13832600
810	8358170
811	13657200
812	11035300
813	19533800
814	26148700
815	34144500
816	20562100
817	8936540
818	5210300
819	4639410
820	4912180
821	5737180
822	10659400
823	8773760
824	13316300
825	18171600
826	40547800
827	41448400
828	20272300
829	9734830
830	7216970
831	8290310
832	6730720
833	5175660
834	5146880
835	5353700
836	7980460
837	11441300
838	32263500
839	23082800
840	13279300
841	6610390
842	4567510
843	3739350
844	4546780
845	5683120
846	7055850
847	5677510
848	10679600
849	13872600
850	24567100
851	35499200
852	21425200
853	12434200
854	5476690