Elevation	Volume
1976	444700
1976.1	445400
1976.2	446100
1976.3	446800
1976.4	447500
1976.5	448200
1976.6	448900
1976.7	449500
1976.8	450200
1976.9	450900
1977	451600
1977.1	452300
1977.2	453000
1977.3	453700
1977.4	454400
1977.5	455000
1977.6	455700
1977.7	456400
1977.8	457100
1977.9	457800
1978	458500
1978.1	459200
1978.2	459800
1978.3	460500
1978.4	461200
1978.5	461900
1978.6	462600
1978.7	463300
1978.8	464000
1978.9	464600
1979	465300
1979.1	466000
1979.2	466700
1979.3	467400
1979.4	468100
1979.5	468800
1979.6	469500
1979.7	470100
1979.8	470800
1979.9	471500
1980	472200
1980.1	472900
1980.2	473600
1980.3	474300
1980.4	474900
1980.5	475600
1980.6	476300
1980.7	477000
1980.8	477700
1980.9	478400
1981	479100
1981.1	479800
1981.2	480400
1981.3	481100
1981.4	481800
1981.5	482500
1981.6	483200
1981.7	483900
1981.8	484600
1981.9	485200
1982	485900
1982.1	486600
1982.2	487300
1982.3	488000
1982.4	488700
1982.5	489400
1982.6	490000
1982.7	490700
1982.8	491400
1982.9	492100
1983	492800
1983.1	493500
1983.2	494200
1983.3	494900
1983.4	495500
1983.5	496200
1983.6	496900
1983.7	497600
1983.8	498300
1983.9	499000
1984	499700
1984.1	500300
1984.2	501000
1984.3	501700
1984.4	502400
1984.5	503100
1984.6	503800
1984.7	504500
1984.8	505100
1984.9	505800
1985	506500
1985.1	507200
1985.2	507900
1985.3	508600
1985.4	509300
1985.5	510000
1985.6	510600
1985.7	511300
1985.8	512000
1985.9	512700
1986	513400
1986.1	514100
1986.2	514800
1986.3	515400
1986.4	516100
1986.5	516800
1986.6	517500
1986.7	518200
1986.8	518900
1986.9	519600
1987	520200
1987.1	520900
1987.2	521600
1987.3	522300
1987.4	523000
1987.5	523700
1987.6	524400
1987.7	525100
1987.8	525700
1987.9	526400
1988	527100
1988.1	527800
1988.2	528500
1988.3	529200
1988.4	529900
1988.5	530500
1988.6	531200
1988.7	531900
1988.8	532600
1988.9	533300
1989	534000
1989.1	534700
1989.2	535300
1989.3	536000
1989.4	536700
1989.5	537400
1989.6	538100
1989.7	538800
1989.8	539500
1989.9	540200
1990	540800
1990.1	541500
1990.2	542200
1990.3	542900
1990.4	543600
1990.5	544300
1990.6	545000
1990.7	545600
1990.8	546300
1990.9	547000
1991	547700
1991.1	548500
1991.2	549300
1991.3	550000
1991.4	550800
1991.5	551600
1991.6	552400
1991.7	553200
1991.8	553900
1991.9	554700
1992	555500
1992.1	556300
1992.2	557100
1992.3	557900
1992.4	558600
1992.5	559400
1992.6	560200
1992.7	561000
1992.8	561800
1992.9	562500
1993	563300
1993.1	564100
1993.2	564900
1993.3	565700
1993.4	566400
1993.5	567200
1993.6	568000
1993.7	568800
1993.8	569600
1993.9	570300
1994	571100
1994.1	571900
1994.2	572700
1994.3	573500
1994.4	574200
1994.5	575000
1994.6	575800
1994.7	576600
1994.8	577400
1994.9	578100
1995	578900
1995.1	579700
1995.2	580500
1995.3	581300
1995.4	582000
1995.5	582800
1995.6	583600
1995.7	584400
1995.8	585200
1995.9	586000
1996	586700
1996.1	587500
1996.2	588300
1996.3	589100
1996.4	589900
1996.5	590600
1996.6	591400
1996.7	592200
1996.8	593000
1996.9	593800
1997	594500
1997.1	595300
1997.2	596100
1997.3	596900
1997.4	597700
1997.5	598400
1997.6	599200
1997.7	600000
1997.8	600800
1997.9	601600
1998	602300
1998.1	603100
1998.2	603900
1998.3	604700
1998.4	605500
1998.5	606200
1998.6	607000
1998.7	607800
1998.8	608600
1998.9	609400
1999	610100
1999.1	610900
1999.2	611700
1999.3	612500
1999.4	613300
1999.5	614100
1999.6	614800
1999.7	615600
1999.8	616400
1999.9	617200
2000	618000
2000.1	618700
2000.2	619500
2000.3	620300
2000.4	621100
2000.5	621900
2000.6	622600
2000.7	623400
2000.8	624200
2000.9	625000
2001	625800
2001.1	626500
2001.2	627300
2001.3	628100
2001.4	628900
2001.5	629700
2001.6	630400
2001.7	631200
2001.8	632000
2001.9	632800
2002	633600
2002.1	634300
2002.2	635100
2002.3	635900
2002.4	636700
2002.5	637500
2002.6	638200
2002.7	639000
2002.8	639800
2002.9	640600
2003	641400
2003.1	642100
2003.2	642900
2003.3	643700
2003.4	644500
2003.5	645300
2003.6	646100
2003.7	646800
2003.8	647600
2003.9	648400
2004	649200
2004.1	650000
2004.2	650700
2004.3	651500
2004.4	652300
2004.5	653100
2004.6	653900
2004.7	654600
2004.8	655400
2004.9	656200
2005	657000
2005.1	657800
2005.2	658500
2005.3	659300
2005.4	660100
2005.5	660900
2005.6	661700
2005.7	662400
2005.8	663200
2005.9	664000
2006	664800
2006.1	665600
2006.2	666300
2006.3	667100
2006.4	667900
2006.5	668700
2006.6	669500
2006.7	670200
2006.8	671000
2006.9	671800
2007	672600
2007.1	673400
2007.2	674200
2007.3	674900
2007.4	675700
2007.5	676500
2007.6	677300
2007.7	678100
2007.8	678800
2007.9	679600
2008	680400
2008.1	681200
2008.2	682000
2008.3	682700
2008.4	683500
2008.5	684300
2008.6	685100
2008.7	685900
2008.8	686600
2008.9	687500
2009	688400
2009.1	689300
2009.2	690100
2009.3	691000
2009.4	691900
2009.5	692800
2009.6	693600
2009.7	694500
2009.8	695400
2009.9	696300
2010	697100
2010.1	698000
2010.2	698900
2010.3	699700
2010.4	700600
2010.5	701500
2010.6	702400
2010.7	703200
2010.8	704100
2010.9	705000
2011	705900
2011.1	706700
2011.2	707600
2011.3	708500
2011.4	709400
2011.5	710200
2011.6	711100
2011.7	712000
2011.8	712800
2011.9	713700
2012	714600
2012.1	715500
2012.2	716300
2012.3	717200
2012.4	718100
2012.5	719000
2012.6	719800
2012.7	720700
2012.8	721600
2012.9	722500
2013	723300
2013.1	724200
2013.2	725100
2013.3	726000
2013.4	726800
2013.5	727700
2013.6	728600
2013.7	729400
2013.8	730300
2013.9	731200
2014	732100
2014.1	732900
2014.2	733800
2014.3	734700
2014.4	735600
2014.5	736400
2014.6	737300
2014.7	738200
2014.8	739100
2014.9	739900
2015	740800
2015.1	741700
2015.2	742600
2015.3	743400
2015.4	744300
2015.5	745200
2015.6	746000
2015.7	746900
2015.8	747800
2015.9	748700
2016	749500
2016.1	750400
2016.2	751300
2016.3	752200
2016.4	753000
2016.5	753900
2016.6	754800
2016.7	755700
2016.8	756500
2016.9	757400
2017	758300
2017.1	759200
2017.2	760000
2017.3	760900
2017.4	761800
2017.5	762600
2017.6	763500
2017.7	764400
2017.8	765300
2017.9	766100
2018	767000
2018.1	767900
2018.2	768800
2018.3	769600
2018.4	770500
2018.5	771400
2018.6	772300
2018.7	773100
2018.8	774000
2018.9	774900
2019	775700
2019.1	776600
2019.2	777500
2019.3	778400
2019.4	779200
2019.5	780100
2019.6	781000
2019.7	781900
2019.8	782700
2019.9	783600
2020	784500
2020.1	785400
2020.2	786200
2020.3	787100
2020.4	788000
2020.5	788900
2020.6	789700
2020.7	790600
2020.8	791500
2020.9	792300
2021	793200
2021.1	794100
2021.2	795000
2021.3	795800
2021.4	796700
2021.5	797600
2021.6	798500
2021.7	799300
2021.8	800200
2021.9	801100
2022	802000
2022.1	802800
2022.2	803700
2022.3	804600
2022.4	805500
2022.5	806300
2022.6	807200
2022.7	808100
2022.8	808900
2022.9	809800
2023	810700
2023.1	811600
2023.2	812400
2023.3	813300
2023.4	814200
2023.5	815100
2023.6	815900
2023.7	816800
2023.8	817700
2023.9	818600
2024	819400
2024.1	820400
2024.2	821300
2024.3	822300
2024.4	823300
2024.5	824200
2024.6	825200
2024.7	826100
2024.8	827100
2024.9	828000
2025	829000
2025.1	830000
2025.2	830900
2025.3	831900
2025.4	832800
2025.5	833800
2025.6	834800
2025.7	835700
2025.8	836700
2025.9	837600
2026	838600
2026.1	839500
2026.2	840500
2026.3	841500
2026.4	842400
2026.5	843400
2026.6	844300
2026.7	845300
2026.8	846200
2026.9	847200
2027	848200
2027.1	849100
2027.2	850100
2027.3	851000
2027.4	852000
2027.5	853000
2027.6	853900
2027.7	854900
2027.8	855800
2027.9	856800
2028	857700
2028.1	858700
2028.2	859700
2028.3	860600
2028.4	861600
2028.5	862500
2028.6	863500
2028.7	864400
2028.8	865400
2028.9	866400
2029	867300
2029.1	868300
2029.2	869200
2029.3	870200
2029.4	871100
2029.5	872100
2029.6	873100
2029.7	874000
2029.8	875000
2029.9	875900
2030	876900
2030.1	877900
2030.2	878800
2030.3	879800
2030.4	880700
2030.5	881700
2030.6	882600
2030.7	883600
2030.8	884600
2030.9	885500
2031	886500
2031.1	887400
2031.2	888400
2031.3	889300
2031.4	890300
2031.5	891300
2031.6	892200
2031.7	893200
2031.8	894100
2031.9	895100
2032	896000
2032.1	897000
2032.2	898000
2032.3	898900
2032.4	899900
2032.5	900800
2032.6	901800
2032.7	902800
2032.8	903700
2032.9	904700
2033	905600
2033.1	906600
2033.2	907500
2033.3	908500
2033.4	909500
2033.5	910400
2033.6	911400
2033.7	912300
2033.8	913300
2033.9	914200
2034	915200
2034.1	916200
2034.2	917100
2034.3	918100
2034.4	919000
2034.5	920000
2034.6	920900
2034.7	921900
2034.8	922900
2034.9	923800
2035	924800
2035.1	925700
2035.2	926700
2035.3	927700
2035.4	928600
2035.5	929600
2035.6	930500
2035.7	931500
2035.8	932400
2035.9	933400
2036	934400
2036.1	935300
2036.2	936300
2036.3	937200
2036.4	938200
2036.5	939100
2036.6	940100
2036.7	941100
2036.8	942000
2036.9	943000
2037	943900
2037.1	944900
2037.2	945800
2037.3	946800
2037.4	947800
2037.5	948700
2037.6	949700
2037.7	950600
2037.8	951700
2037.9	952700
2038	953800
2038.1	954900
2038.2	955900
2038.3	957000
2038.4	958000
2038.5	959100
2038.6	960100
2038.7	961200
2038.8	962200
2038.9	963300
2039	964300
2039.1	965400
2039.2	966400
2039.3	967500
2039.4	968600
2039.5	969600
2039.6	970700
2039.7	971700
2039.8	972800
2039.9	973800
2040	974900
2040.1	975900
2040.2	977000
2040.3	978000
2040.4	979100
2040.5	980200
2040.6	981200
2040.7	982300
2040.8	983300
2040.9	984400
2041	985400
2041.1	986500
2041.2	987500
2041.3	988600
2041.4	989600
2041.5	990700
2041.6	991700
2041.7	992800
2041.8	993900
2041.9	994900
2042	996000
2042.1	997000
2042.2	998100
2042.3	999100
2042.4	1000200
2042.5	1001200
2042.6	1002300
2042.7	1003300
2042.8	1004400
2042.9	1005400
2043	1006500
2043.1	1007600
2043.2	1008600
2043.3	1009700
2043.4	1010700
2043.5	1011800
2043.6	1012800
2043.7	1013900
2043.8	1014900
2043.9	1016000
2044	1017000
2044.1	1018100
2044.2	1019100
2044.3	1020200
2044.4	1021300
2044.5	1022300
2044.6	1023400
2044.7	1024400
2044.8	1025500
2044.9	1026500
2045	1027600
2045.1	1028600
2045.2	1029700
2045.3	1030700
2045.4	1031800
2045.5	1032900
2045.6	1033900
2045.7	1035000
2045.8	1036000
2045.9	1037100
2046	1038100
2046.1	1039200
2046.2	1040200
2046.3	1041300
2046.4	1042300
2046.5	1043400
2046.6	1044400
2046.7	1045500
2046.8	1046600
2046.9	1047600
2047	1048700
2047.1	1049700
2047.2	1050800
2047.3	1051800
2047.4	1052900
2047.5	1053900
2047.6	1055000
2047.7	1056000
2047.8	1057100
2047.9	1058100
2048	1059200
2048.1	1060300
2048.2	1061300
2048.3	1062400
2048.4	1063400
2048.5	1064500
2048.6	1065500
2048.7	1066600
2048.8	1067600
2048.9	1068700
2049	1069700
2049.1	1070800
2049.2	1071900
2049.3	1072900
2049.4	1074000
2049.5	1075000
2049.6	1076100
2049.7	1077100
2049.8	1078200
2049.9	1079200
2050	1080300
2050.1	1081300
2050.2	1082400
2050.3	1083400
2050.4	1084500
2050.5	1085600
2050.6	1086600
2050.7	1087700
2050.8	1088700
2050.9	1089800
2051	1090800
2051.1	1091900
2051.2	1092900
2051.3	1094000
2051.4	1095000
2051.5	1096200
2051.6	1097400
2051.7	1098600
2051.8	1099800
2051.9	1101000
2052	1102200
2052.1	1103400
2052.2	1104600
2052.3	1105800
2052.4	1107000
2052.5	1108100
2052.6	1109300
2052.7	1110500
2052.8	1111700
2052.9	1112900
2053	1114100
2053.1	1115300
2053.2	1116500
2053.3	1117700
2053.4	1118900
2053.5	1120100
2053.6	1121200
2053.7	1122400
2053.8	1123600
2053.9	1124800
2054	1126000
2054.1	1127200
2054.2	1128400
2054.3	1129600
2054.4	1130800
2054.5	1132000
2054.6	1133200
2054.7	1134300
2054.8	1135500
2054.9	1136700
2055	1137900
2055.1	1139100
2055.2	1140300
2055.3	1141500
2055.4	1142700
2055.5	1143900
2055.6	1145100
2055.7	1146300
2055.8	1147500
2055.9	1148600
2056	1149800
2056.1	1151000
2056.2	1152200
2056.3	1153400
2056.4	1154600
2056.5	1155800
2056.6	1157000
2056.7	1158200
2056.8	1159400
2056.9	1160600
2057	1161700
2057.1	1162900
2057.2	1164100
2057.3	1165300
2057.4	1166500
2057.5	1167700
2057.6	1168900
2057.7	1170100
2057.8	1171300
2057.9	1172500
2058	1173700
2058.1	1174800
2058.2	1176000
2058.3	1177200
2058.4	1178400
2058.5	1179600
2058.6	1180800
2058.7	1182000
2058.8	1183200
2058.9	1184400
2059	1185600
2059.1	1186800
2059.2	1188000
2059.3	1189100
2059.4	1190300
2059.5	1191500
2059.6	1192700
2059.7	1193900
2059.8	1195100
2059.9	1196300
2060	1197500
2060.1	1198700
2060.2	1199900
2060.3	1201100
2060.4	1202200
2060.5	1203400
2060.6	1204600
2060.7	1205800
2060.8	1207000
2060.9	1208200
2061	1209400
2061.1	1210600
2061.2	1211800
2061.3	1213000
2061.4	1214200
2061.5	1215300
2061.6	1216500
2061.7	1217700
2061.8	1218900
2061.9	1220100
2062	1221300
2062.1	1222500
2062.2	1223700
2062.3	1224900
2062.4	1226100
2062.5	1227300
2062.6	1228500
2062.7	1229600
2062.8	1230800
2062.9	1232000
2063	1233200
2063.1	1234400
2063.2	1235600
2063.3	1236800
2063.4	1238000
2063.5	1239200
2063.6	1240400
2063.7	1241600
2063.8	1242700
2063.9	1243900
2064	1245100
2064.1	1246300
2064.2	1247500
2064.3	1248700
2064.4	1249900
2064.5	1251100
2064.6	1252300
2064.7	1253500
2064.8	1254700
2064.9	1255800
2065	1257000
2065.1	1258200
2065.2	1259400
2065.3	1260600
2065.4	1261800
2065.5	1263000
2065.6	1264200
2065.7	1265400
2065.8	1266600
2065.9	1267800
2066	1268900
2066.1	1270300
2066.2	1271700
2066.3	1273100
2066.4	1274400
2066.5	1275800
2066.6	1277200
2066.7	1278600
2066.8	1279900
2066.9	1281300
2067	1282700
2067.1	1284100
2067.2	1285400
2067.3	1286800
2067.4	1288200
2067.5	1289600
2067.6	1290900
2067.7	1292300
2067.8	1293700
2067.9	1295000
2068	1296400
2068.1	1297800
2068.2	1299200
2068.3	1300500
2068.4	1301900
2068.5	1303300
2068.6	1304700
2068.7	1306000
2068.8	1307400
2068.9	1308800
2069	1310200
2069.1	1311500
2069.2	1312900
2069.3	1314300
2069.4	1315700
2069.5	1317000
2069.6	1318400
2069.7	1319800
2069.8	1321200
2069.9	1322500
2070	1323900
2070.1	1325300
2070.2	1326600
2070.3	1328000
2070.4	1329400
2070.5	1330800
2070.6	1332100
2070.7	1333500
2070.8	1334900
2070.9	1336300
2071	1337600
2071.1	1339000
2071.2	1340400
2071.3	1341800
2071.4	1343100
2071.5	1344500
2071.6	1345900
2071.7	1347300
2071.8	1348600
2071.9	1350000
2072	1351400
2072.1	1352700
2072.2	1354100
2072.3	1355500
2072.4	1356900
2072.5	1358200
2072.6	1359600
2072.7	1361000
2072.8	1362400
2072.9	1363700
2073	1365100
2073.1	1366500
2073.2	1367900
2073.3	1369200
2073.4	1370600
2073.5	1372000
2073.6	1373400
2073.7	1374700
2073.8	1376100
2073.9	1377500
2074	1378800
2074.1	1380200
2074.2	1381600
2074.3	1383000
2074.4	1384300
2074.5	1385700
2074.6	1387100
2074.7	1388500
2074.8	1389800
2074.9	1391200
2075	1392600
2075.1	1394000
2075.2	1395300
2075.3	1396700
2075.4	1398100
2075.5	1399500
2075.6	1400800
2075.7	1402200
2075.8	1403600
2075.9	1404900
2076	1406300
2076.1	1407700
2076.2	1409100
2076.3	1410400
2076.4	1411800
2076.5	1413200
2076.6	1414600
2076.7	1415900
2076.8	1417300
2076.9	1418700
2077	1420100
