week	BR75_3	BR75_4	BR75_5	BR75_6	BR85_3	BR85_4	BR85_5	BR85_6	BR95_3	BR95_4	BR95_5	BR95_6	BR105_3	BR105_4	BR105_5	BR105_6	BR115_3	BR115_4	BR115_5	BR115_6
1	1420000	1420000	1420000	1420000	1420000	1420000	1420000	1420000	1420000	1420000	1420000	1420000	1420000	1420000	1420000	1420000	1420000	1420000	1420000	1420000
2	1420000	1420000	1420000	1420000	1420000	1420000	1420000	1420000	1420000	1420000	1420000	1420000	1420000	1420000	1420000	1420000	1420000	1420000	1420000	1420000
3	1420000	1420000	1420000	1420000	1420000	1420000	1420000	1420000	1420000	1420000	1420000	1420000	1420000	1420000	1420000	1420000	1420000	1420000	1420000	1420000
4	1420000	1420000	1420000	1420000	1420000	1420000	1420000	1420000	1420000	1420000	1420000	1420000	1420000	1420000	1420000	1420000	1420000	1420000	1420000	1420000
5	1420000	1420000	1420000	1420000	1420000	1420000	1420000	1420000	1420000	1420000	1420000	1420000	1420000	1420000	1420000	1420000	1420000	1420000	1420000	1420000
6	1420000	1420000	1420000	1420000	1420000	1420000	1420000	1420000	1420000	1420000	1420000	1420000	1420000	1420000	1420000	1420000	1420000	1420000	1420000	1420000
7	1420000	1420000	1420000	1420000	1420000	1420000	1420000	1420000	1420000	1420000	1420000	1420000	1420000	1420000	1420000	1420000	1420000	1420000	1420000	1420000
8	1420000	1420000	1420000	1420000	1420000	1420000	1420000	1420000	1420000	1420000	1420000	1420000	1420000	1420000	1420000	1420000	1420000	1420000	1420000	1420000
9	1420000	1420000	1420000	1420000	1420000	1420000	1420000	1420000	1420000	1420000	1420000	1420000	1420000	1420000	1420000	1420000	1420000	1420000	1420000	1420000
10	1420000	1420000	1420000	1420000	1420000	1420000	1420000	1420000	1420000	1420000	1420000	1420000	1420000	1420000	1420000	1420000	1420000	1420000	1420000	1420000
11	1420000	1420000	1420000	1420000	1420000	1420000	1420000	1420000	1420000	1420000	1420000	1420000	1420000	1420000	1420000	1420000	1420000	1420000	1420000	1420000
12	1420000	1420000	1420000	1420000	1420000	1420000	1420000	1420000	1420000	1420000	1420000	1420000	1420000	1420000	1420000	1420000	1420000	1420000	1420000	1420000
13	1420000	1420000	1420000	1420000	1420000	1420000	1420000	1420000	1420000	1420000	1420000	1420000	1420000	1420000	1420000	1420000	1420000	1420000	1420000	1420000
14	1420000	1420000	1420000	1420000	1420000	1420000	1420000	1420000	1420000	1420000	1420000	1420000	1420000	1420000	1420000	1420000	1420000	1420000	1420000	1420000
15	1420000	1420000	1420000	1420000	1420000	1420000	1420000	1420000	1420000	1420000	1420000	1420000	1420000	1420000	1420000	1420000	1420000	1420000	1420000	1420000
16	1420000	1420000	1420000	1420000	1420000	1420000	1420000	1420000	1420000	1420000	1420000	1420000	1420000	1420000	1420000	1420000	1420000	1420000	1420000	1420000
17	1420000	1420000	1420000	1420000	1420000	1420000	1420000	1420000	1420000	1420000	1420000	1420000	1420000	1420000	1420000	1420000	1420000	1420000	1420000	1420000
18	1420000	1420000	1420000	1420000	1420000	1420000	1420000	1420000	1420000	1420000	1420000	1420000	1420000	1420000	1420000	1420000	1420000	1420000	1420000	1420000
19	1420000	1420000	1420000	1420000	1420000	1420000	1420000	1420000	1420000	1420000	1420000	1420000	1420000	1420000	1420000	1420000	1420000	1420000	1420000	1420000
20	1420000	1420000	1420000	1420000	1420000	1420000	1420000	1420000	1420000	1420000	1420000	1420000	1420000	1420000	1420000	1420000	1420000	1420000	1420000	1420000
21	1420000	1420000	1420000	1420000	1420000	1420000	1420000	1420000	1420000	1420000	1420000	1420000	1420000	1420000	1420000	1420000	1420000	1420000	1420000	1420000
22	1420000	1420000	1420000	1420000	1420000	1420000	1420000	1420000	1420000	1420000	1420000	1420000	1420000	1420000	1420000	1420000	1420000	1420000	1420000	1420000
23	1420000	1420000	1420000	1420000	1420000	1420000	1420000	1420000	1420000	1420000	1420000	1420000	1420000	1420000	1420000	1420000	1420000	1420000	1420000	1420000
24	1420000	1420000	1420000	1420000	1420000	1420000	1420000	1420000	1420000	1420000	1420000	1420000	1420000	1420000	1420000	1420000	1420000	1420000	1420000	1420000
25	1420000	1420000	1420000	1420000	1420000	1420000	1420000	1420000	1420000	1420000	1420000	1420000	1420000	1420000	1420000	1420000	1420000	1420000	1420000	1420000
26	1420000	1420000	1420000	1420000	1420000	1420000	1420000	1420000	1420000	1420000	1420000	1420000	1420000	1420000	1420000	1420000	1420000	1420000	1420000	1420000
27	1420000	1420000	1420000	1420000	1420000	1420000	1420000	1420000	1420000	1420000	1420000	1420000	1420000	1420000	1420000	1420000	1420000	1420000	1420000	1420000
28	1420000	1370000	1345000	1320000	1382500	1345000	1332500	1320000	1370000	1345000	1332500	1320000	1345000	1320000	1320000	1320000	1345000	1320000	1295000	1295000
29	1420000	1320000	1270000	1220000	1345000	1270000	1245000	1220000	1320000	1270000	1245000	1220000	1270000	1220000	1220000	1220000	1270000	1220000	1170000	1170000
30	1420000	1270000	1195000	1120000	1307500	1195000	1157500	1120000	1270000	1195000	1157500	1120000	1195000	1120000	1120000	1120000	1195000	1120000	1045000	1045000
31	1420000	1220000	1120000	1020000	1270000	1120000	1070000	1020000	1220000	1120000	1070000	1020000	1120000	1020000	1020000	1020000	1120000	1020000	920000	920000
32	1420000	1245000	1145000	1032500	1282500	1120000	1057500	1007500	1232500	1120000	1057500	995000	1145000	1013750	1001250	995000	1132500	1007500	895000	857500
33	1420000	1270000	1170000	1045000	1295000	1120000	1045000	995000	1245000	1120000	1045000	970000	1170000	1007500	982500	970000	1145000	995000	870000	795000
34	1420000	1295000	1195000	1057500	1307500	1120000	1032500	982500	1257500	1120000	1032500	945000	1195000	1001250	963750	945000	1157500	982500	845000	732500
35	1420000	1320000	1220000	1070000	1320000	1120000	1020000	970000	1270000	1120000	1020000	920000	1220000	995000	945000	920000	1170000	970000	820000	670000
36	1420000	1345000	1245000	1120000	1345000	1145000	1020000	945000	1295000	1120000	1007500	895000	1245000	982500	920000	870000	1195000	945000	795000	620000
37	1420000	1370000	1270000	1170000	1370000	1170000	1020000	920000	1320000	1120000	995000	870000	1270000	970000	895000	820000	1220000	920000	770000	570000
38	1420000	1395000	1320000	1220000	1395000	1170000	1020000	920000	1345000	1120000	982500	845000	1295000	970000	882500	770000	1245000	895000	720000	505000
39	1420000	1420000	1370000	1270000	1420000	1170000	1020000	920000	1370000	1120000	970000	820000	1320000	970000	870000	720000	1270000	870000	670000	440000
40	1420000	1420000	1420000	1420000	1420000	1420000	1420000	1420000	1420000	1420000	1420000	1420000	1420000	1420000	1420000	1420000	1420000	1420000	1420000	1420000
41	1420000	1420000	1420000	1420000	1420000	1420000	1420000	1420000	1420000	1420000	1420000	1420000	1420000	1420000	1420000	1420000	1420000	1420000	1420000	1420000
42	1420000	1420000	1420000	1420000	1420000	1420000	1420000	1420000	1420000	1420000	1420000	1420000	1420000	1420000	1420000	1420000	1420000	1420000	1420000	1420000
43	1420000	1420000	1420000	1420000	1420000	1420000	1420000	1420000	1420000	1420000	1420000	1420000	1420000	1420000	1420000	1420000	1420000	1420000	1420000	1420000
44	1420000	1420000	1420000	1420000	1420000	1420000	1420000	1420000	1420000	1420000	1420000	1420000	1420000	1420000	1420000	1420000	1420000	1420000	1420000	1420000
45	1420000	1420000	1420000	1420000	1420000	1420000	1420000	1420000	1420000	1420000	1420000	1420000	1420000	1420000	1420000	1420000	1420000	1420000	1420000	1420000
46	1420000	1420000	1420000	1420000	1420000	1420000	1420000	1420000	1420000	1420000	1420000	1420000	1420000	1420000	1420000	1420000	1420000	1420000	1420000	1420000
47	1420000	1420000	1420000	1420000	1420000	1420000	1420000	1420000	1420000	1420000	1420000	1420000	1420000	1420000	1420000	1420000	1420000	1420000	1420000	1420000
48	1420000	1420000	1420000	1420000	1420000	1420000	1420000	1420000	1420000	1420000	1420000	1420000	1420000	1420000	1420000	1420000	1420000	1420000	1420000	1420000
49	1420000	1420000	1420000	1420000	1420000	1420000	1420000	1420000	1420000	1420000	1420000	1420000	1420000	1420000	1420000	1420000	1420000	1420000	1420000	1420000
50	1420000	1420000	1420000	1420000	1420000	1420000	1420000	1420000	1420000	1420000	1420000	1420000	1420000	1420000	1420000	1420000	1420000	1420000	1420000	1420000
51	1420000	1420000	1420000	1420000	1420000	1420000	1420000	1420000	1420000	1420000	1420000	1420000	1420000	1420000	1420000	1420000	1420000	1420000	1420000	1420000
52	1420000	1420000	1420000	1420000	1420000	1420000	1420000	1420000	1420000	1420000	1420000	1420000	1420000	1420000	1420000	1420000	1420000	1420000	1420000	1420000

