week	B0644	B0645	B0646	B0647
1	1152940	1238210	0	1061640
2	0	0	0	0
3	0	0	0	0
4	0	0	0	0
5	0	0	0	0
6	0	0	0	0
7	0	0	0	0
8	0	0	0	0
9	0	0	0	0
10	0	1233	0	665023
11	0	0	0	1016520
12	0	0	444371	808663
13	1186560	613420	1354240	1567830
14	0	0	0	0
15	0	0	0	0
16	0	0	0	0
17	0	0	0	0
18	0	0	0	0
19	0	0	0	0
20	0	0	0	0
21	0	0	0	1162800
22	19860	0	602100	2515240
23	0	0	0	2058990
24	543847	0	0	1551320
25	1709870	600363	1028220	1848930
26	0	0	0	0
27	0	0	0	0
28	0	0	0	0
29	0	0	0	0
30	0	0	0	0
31	0	0	0	0
32	0	0	0	0
33	389746	0	283619	780272
34	1446630	0	1125910	1624800
35	1453450	0	463246	2150470
36	910952	0	712688	1496160
37	1603680	632404	1605800	1743490
38	0	0	0	0
39	0	0	0	0
40	0	0	0	0
41	0	0	0	0
42	0	0	0	0
43	0	0	0	0
44	0	0	0	0
45	0	418337	18644	422142
46	0	1290700	0	1820240
47	0	1304960	0	309770
48	930219	753007	302495	1036430
49	1845970	1155040	1466360	1719110
50	0	0	0	0
51	0	0	0	0
52	0	0	0	0
53	0	0	0	0
54	0	0	0	0
55	0	0	0	0
56	0	0	0	0
57	0	0	0	71065
58	0	1999640	0	1576180
59	0	1118630	0	955880
60	0	612069	0	627066
61	656073	902634	1087670	1703200
62	0	0	0	0
63	0	0	0	0
64	0	0	0	0
65	0	0	0	0
66	0	0	0	0
67	0	0	0	0
68	0	0	0	0
69	965789	0	0	0
70	0	609242	0	0
71	1277110	0	0	351773
72	1014660	123541	0	205331
73	1826140	823052	987608	1682690
74	0	0	0	0
75	0	0	0	0
76	0	0	0	0
77	0	0	0	0
78	0	0	0	0
79	0	0	0	0
80	0	0	0	0
81	0	0	398353	0
82	0	0	1518100	0
83	0	0	165256	0
84	123009	0	844735	0
85	1385700	638570	1584830	838223
86	0	0	0	0
87	0	0	0	0
88	0	0	0	0
89	0	0	0	0
90	0	0	0	0
91	0	0	0	0
92	0	0	0	0
93	1704250	0	1960070	0
94	3166260	965462	2843780	0
95	2486360	918012	1943230	0
96	1497290	592226	1354410	608527
97	1746340	1115910	1696240	1375770
98	0	0	0	0
99	0	0	0	0
100	0	0	0	0
101	0	0	0	0
102	0	0	0	0
103	0	0	0	0
104	0	0	0	0
105	0	0	722968	67508
106	0	0	114055	0
107	390455	0	0	0
108	1004180	0	208081	128872
109	1656010	567752	1590770	1566520
110	0	0	0	0
111	0	0	0	0
112	0	0	0	0
113	0	0	0	0
114	0	0	0	0
115	0	0	0	0
116	0	0	0	0
117	1322280	1105580	0	613689
118	1728370	1661680	0	1004230
119	1432860	702237	0	943507
120	1295550	589045	0	621675
121	1789650	831926	1464230	1583120
122	0	0	0	0
123	0	0	0	0
124	0	0	0	0
125	0	0	0	0
126	0	0	0	0
127	0	0	0	0
128	0	0	0	0
129	0	0	137418	0
130	0	301124	1364640	0
131	0	0	1807790	0
132	0	574769	1385550	911057
133	1503110	830578	1658370	1722440
134	0	0	0	0
135	0	0	0	0
136	0	0	0	0
137	0	0	0	0
138	0	0	0	0
139	0	0	0	0
140	0	0	0	0
141	0	0	338167	239294
142	0	0	2068880	1878900
143	0	49989	2446140	1323410
144	0	599901	1282880	1235920
145	1601690	1010260	1697660	1656310
146	0	0	0	0
147	0	0	0	0
148	0	0	0	0
149	0	0	0	0
150	0	0	0	0
151	0	0	0	0
152	0	0	0	0
153	85530	124315	1837540	1621380
154	0	2540210	3144700	3129590
155	0	1492470	2434260	2807990
156	78604	619593	1536090	1894150
157	1379040	1097600	2100100	2189970
158	0	0	0	0
159	0	0	0	0
160	0	0	0	0
161	0	0	0	0
162	0	0	54736	0
163	0	0	0	0
164	0	0	0	0
165	0	152957	327593	1251570
166	0	1961630	0	2421030
167	0	1553160	0	857417
168	0	677996	0	0
169	1271420	1297930	1536560	1609150
170	0	0	0	0
171	0	0	0	0
172	0	0	0	0
173	0	0	0	0
174	0	0	0	0
175	0	0	0	0
176	0	0	0	0
177	0	148626	0	0
178	0	2288320	0	0
179	0	574493	0	793115
180	768923	460532	867473	822188
181	1575620	968871	1860990	1814870
182	0	0	0	0
183	0	0	0	0
184	0	0	0	0
185	0	0	0	0
186	0	0	0	0
187	0	0	0	0
188	0	0	0	0
189	918825	0	1656380	1239430
190	868800	1248310	2127140	352264
191	0	312077	0	0
192	588175	267329	0	378575
193	1860220	950499	1582090	947806
194	0	0	0	0
195	0	0	0	0
196	0	0	0	0
197	0	0	0	0
198	0	0	0	0
199	0	0	0	0
200	0	0	0	0
201	0	757464	0	0
202	340431	2551070	111717	0
203	501280	1345670	0	0
204	1205460	603046	355912	271641
205	1628760	1273110	1760090	990552
206	0	0	0	0
207	0	0	0	0
208	0	0	0	0
209	0	0	0	0
210	0	0	0	0
211	0	0	0	0
212	0	0	0	0
213	0	0	45261	0
214	1251910	0	2076460	0
215	2417260	0	726057	0
216	1504380	0	310124	0
217	1676300	0	1522690	329609
218	0	0	0	0
219	0	0	0	0
220	0	0	0	0
221	0	0	0	0
222	0	0	0	0
223	0	0	0	0
224	0	0	0	0
225	0	0	562452	0
226	0	0	504704	332388
227	0	0	1074950	0
228	315413	0	1473320	639355
229	1504830	522279	1753910	1570060
230	0	0	0	0
231	0	0	0	0
232	0	0	0	0
233	0	0	0	0
234	0	0	0	0
235	0	0	0	0
236	0	0	0	0
237	1792190	0	1554900	360844
238	1871630	1952750	359559	0
239	2284970	1845390	932478	0
240	1736100	1041150	1475660	0
241	1684500	1345820	1674690	1375590
242	0	0	0	0
243	0	0	0	0
244	0	0	0	0
245	0	0	0	0
246	0	0	0	0
247	0	0	0	0
248	0	0	0	0
249	1933210	1026980	946398	0
250	2988580	2654380	0	0
251	2365990	1507350	0	0
252	1605410	792124	0	857602
253	1803930	1663590	1652690	1835650
254	0	0	0	0
255	0	0	0	0
256	0	0	0	0
257	0	0	0	0
258	0	0	0	0
259	0	0	0	0
260	0	0	0	0
261	1171750	429064	1409700	2238060
262	1525200	2197070	1606730	3466140
263	0	2493060	0	3183570
264	1071050	922201	478100	1750240
265	2031660	1832650	1819800	2175900
266	0	0	0	0
267	0	0	0	0
268	0	0	0	0
269	0	0	0	0
270	0	0	0	0
271	0	0	0	0
272	0	0	0	0
273	1609730	0	1114900	992777
274	2830030	0	2452560	190344
275	2191870	0	2429490	62552
276	672051	0	1280800	0
277	0	0	1673230	1848650
278	0	0	0	0
279	0	0	0	0
280	0	0	0	0
281	0	0	0	0
282	0	0	0	0
283	0	0	0	0
284	0	0	0	0
285	1797550	0	1678030	649771
286	1226800	0	0	0
287	2047030	0	1197130	0
288	1158990	0	508214	0
289	1714340	590967	1618420	1238120
290	0	0	0	0
291	0	0	0	0
292	0	0	0	0
293	0	0	0	0
294	0	0	0	0
295	0	0	0	0
296	0	0	0	0
297	5696	420464	0	167205
298	1233870	379482	0	28031
299	1848250	257577	290834	1916510
300	1132250	329170	644961	1612670
301	1572660	796384	1096630	1725740
302	0	0	0	0
303	0	0	0	0
304	0	0	0	0
305	0	0	0	0
306	0	0	0	0
307	0	0	0	0
308	0	0	0	0
309	4557	0	0	1447760
310	0	1188180	0	3059050
311	0	1487070	0	2940130
312	155372	575907	0	1508710
313	1737930	1075330	990518	1677380
314	0	0	0	0
315	0	0	0	0
316	0	0	0	0
317	0	0	0	0
318	0	0	0	0
319	0	0	0	0
320	0	0	0	0
321	2292780	394418	1923200	869430
322	3133700	755023	1425470	1300960
323	1923310	431600	0	159694
324	1189140	528451	0	563480
325	1689690	999868	1502580	1639970
326	0	0	0	0
327	0	0	0	0
328	0	0	0	0
329	0	0	0	0
330	0	0	0	0
331	0	0	0	0
332	0	0	0	0
333	1966250	0	0	0
334	2908240	1098510	0	951832
335	2790770	675760	0	2077110
336	1513710	558603	0	707400
337	1726200	1031500	1063810	1665700
338	0	0	0	0
339	0	0	0	0
340	0	0	0	0
341	0	0	0	0
342	0	0	0	0
343	0	0	0	0
344	0	0	0	0
345	126370	0	1762310	0
346	0	0	3184870	0
347	0	0	3025870	0
348	582913	100033	1679970	23795
349	1659460	628653	2108480	1054830
350	0	0	0	0
351	0	0	0	0
352	0	0	0	0
353	0	0	0	0
354	0	0	0	0
355	0	0	0	0
356	0	0	0	0
357	0	0	0	0
358	1320550	0	0	0
359	2011600	0	0	0
360	1353640	104271	0	501980
361	1629300	569560	1694730	1474310
362	0	0	0	0
363	0	0	0	0
364	0	0	0	0
365	0	0	0	0
366	0	0	0	0
367	0	0	0	0
368	0	0	0	0
369	1151250	0	839843	1618810
370	1681890	0	2028080	556965
371	1452520	0	2159890	0
372	1518890	0	1654780	0
373	1772830	494697	1867280	1392240
374	0	0	0	0
375	0	0	0	0
376	0	0	0	0
377	0	0	0	0
378	0	0	0	0
379	0	0	0	0
380	0	0	0	0
381	939507	0	1487840	0
382	796467	0	915894	0
383	0	730906	1854880	0
384	1050530	580505	1515890	0
385	1647020	796324	1749240	1350430
386	0	0	0	0
387	0	0	0	0
388	0	0	0	0
389	0	0	0	0
390	0	0	0	0
391	0	0	0	0
392	0	0	0	0
393	999883	1099580	0	0
394	1566230	1253880	0	0
395	1216880	1282720	0	0
396	874060	705906	0	0
397	1677410	1178040	1361330	1617570
398	0	0	0	0
399	0	0	0	0
400	0	0	0	0
401	0	0	0	0
402	0	0	0	0
403	0	0	0	0
404	0	0	0	0
405	459778	1174210	173180	978510
406	507076	2581010	0	0
407	924688	2485810	1842360	2413250
408	3539	1678100	1151750	1496550
409	1465590	1923900	1537520	1645470
410	0	0	0	0
411	0	0	0	0
412	0	0	0	0
413	0	0	0	0
414	0	0	0	0
415	0	0	0	0
416	0	0	0	0
417	0	0	756556	1493000
418	0	1120320	2022400	2255820
419	0	0	2061150	0
420	0	97825	1629740	900563
421	1299720	889960	1833830	2001740
422	0	0	0	0
423	0	0	0	0
424	0	0	0	0
425	0	0	0	0
426	0	0	0	0
427	0	0	0	0
428	0	0	0	0
429	24112	1317750	1610030	0
430	0	2859920	1781500	0
431	917530	2176890	761182	0
432	1249800	978285	864630	557661
433	1613060	1783470	1631720	1721470
434	0	0	0	0
435	0	0	0	0
436	0	0	0	0
437	0	0	0	0
438	0	0	0	0
439	0	0	0	0
440	0	0	0	0
441	0	0	0	395510
442	0	1663320	0	0
443	0	1084690	0	0
444	506056	235914	0	460961
445	1439100	644280	1593510	1777600
446	0	0	0	0
447	0	0	0	0
448	0	0	0	0
449	0	0	0	0
450	0	0	0	0
451	0	0	0	0
452	0	0	0	0
453	0	177630	0	299127
454	0	1457280	936886	1662930
455	0	1067430	2465670	1501410
456	0	656820	1585650	948105
457	1599300	1303650	1773150	1561440
458	0	0	0	0
459	0	0	0	0
460	0	0	0	0
461	0	0	0	0
462	0	0	0	0
463	0	0	0	0
464	0	0	0	0
465	0	222733	1844960	1495590
466	0	1352940	2516320	2390780
467	0	1723960	2120560	0
468	331006	713121	1520510	669655
469	1490880	1319750	1751560	1565570
470	0	0	0	0
471	0	0	0	0
472	0	0	0	0
473	0	0	0	0
474	0	0	0	0
475	0	0	0	0
476	0	0	0	0
477	1217840	541149	1746950	0
478	2243530	1880990	2864490	0
479	2402250	752858	2849710	0
480	1149420	503288	1549800	0
481	1634730	1093450	2250510	1285160
482	0	0	0	0
483	0	0	0	0
484	0	0	0	0
485	0	0	0	0
486	0	0	0	0
487	0	0	0	0
488	0	0	0	0
489	915047	531999	1875000	0
490	0	1510720	2426210	0
491	67123	434243	2530840	0
492	593195	316571	1768460	0
493	1831530	1128350	2205400	544380
494	0	0	0	0
495	0	0	0	0
496	0	0	0	0
497	0	0	0	0
498	0	0	0	0
499	0	0	0	0
500	0	0	0	0
501	592883	1274880	293220	0
502	0	1820280	0	0
503	1445130	903604	1163280	0
504	1296230	677121	1413410	0
505	1965580	1348550	1849610	1190690
506	0	0	0	0
507	0	0	0	0
508	0	0	0	0
509	0	0	0	0
510	0	0	0	0
511	0	0	0	0
512	0	0	0	0
513	1130520	194092	0	0
514	2537370	0	31822	0
515	2436720	0	402545	0
516	1580560	0	1167010	0
517	1749600	651089	1578190	1230850
518	0	0	0	0
519	0	0	0	0
520	0	0	0	0
521	0	0	0	0
522	0	0	0	0
523	0	0	0	0
524	0	0	0	0
525	839183	0	231550	55153
526	0	106674	0	0
527	1371010	0	1459110	516764
528	1278010	0	1017550	1112420
529	2005780	643334	1965710	1655910
530	0	0	0	0
531	0	0	0	0
532	0	0	0	0
533	0	0	0	0
534	0	0	0	0
535	0	0	0	0
536	0	0	0	0
537	0	0	0	0
538	0	0	0	0
539	0	0	0	0
540	192203	132568	0	431302
541	1495290	819406	1455780	1489750
542	0	0	0	0
543	0	0	0	0
544	0	0	0	0
545	0	0	0	0
546	0	0	0	0
547	0	0	0	0
548	0	0	0	0
549	1023650	630025	62012	1406890
550	523305	897284	0	2263820
551	452037	1373730	0	2258810
552	378046	787836	184252	1562920
553	1890670	1295840	1814190	1989550
554	0	0	0	0
555	0	0	0	0
556	0	0	0	0
557	0	0	0	0
558	0	0	0	0
559	0	0	0	0
560	0	0	0	0
561	0	0	0	0
562	0	2167080	0	1542490
563	0	487006	0	2207570
564	280252	127365	128636	1295990
565	1370250	871837	1178890	1833990
566	0	0	0	0
567	0	0	0	0
568	0	0	0	0
569	0	0	0	0
570	0	0	0	0
571	0	0	0	0
572	0	0	0	0
573	321725	0	0	0
574	311981	1154250	0	0
575	759896	770223	0	0
576	1540640	514948	1303	0
577	1662040	1222200	1375200	1330570
578	0	0	0	0
579	0	0	0	0
580	0	0	0	0
581	0	0	0	0
582	0	0	0	0
583	0	0	0	0
584	0	0	0	0
585	0	0	0	0
586	0	0	266282	0
587	0	0	0	0
588	518846	0	380027	0
589	1671660	718272	1761040	1276160
590	0	0	0	0
591	0	0	0	0
592	0	0	0	0
593	0	0	0	0
594	0	0	0	0
595	0	0	0	0
596	0	0	0	0
597	340067	0	0	0
598	2246070	1602770	0	0
599	2480130	1164050	0	0
600	1413590	511526	683582	723096
601	1699910	1073880	1583540	1574070
602	0	0	0	0
603	0	0	0	0
604	0	0	0	0
605	0	0	0	0
606	0	0	0	0
607	0	0	0	0
608	0	0	0	0
609	1564960	0	153510	1815490
610	1952550	1442650	0	2514030
611	1966090	355821	0	2757740
612	244526	382512	0	1577030
613	1588400	907155	1572620	1801200
614	0	0	0	0
615	0	0	0	0
616	0	0	0	0
617	0	614854	0	0
618	0	0	0	0
619	0	0	0	0
620	0	0	0	0
621	0	0	1464340	1510210
622	0	0	3131790	2543440
623	0	0	2652420	417578
624	0	0	1781290	1506530
625	1241040	0	1977910	1668480
626	0	0	0	0
627	0	0	0	0
628	0	0	0	0
629	0	0	0	0
630	0	0	0	0
631	0	0	0	0
632	0	0	0	0
633	0	0	1382050	0
634	0	0	3080730	0
635	774113	0	2369870	0
636	1333430	0	1751630	0
637	1893490	0	2228520	1470560
638	0	0	0	0
639	0	0	0	0
640	0	0	0	0
641	0	0	0	0
642	0	0	0	0
643	0	0	0	0
644	0	0	0	0
645	310023	0	950564	420978
646	884076	0	2130090	1278500
647	1170160	0	2093410	1833580
648	67645	0	1737990	1353770
649	2011180	0	1782840	2143060
650	0	0	0	0
651	0	0	0	0
652	0	0	0	0
653	0	0	0	0
654	0	0	0	0
655	0	0	0	0
656	0	0	0	0
657	0	0	0	0
658	449800	0	190317	0
659	1350050	0	0	0
660	1551970	0	65959	0
661	1755290	0	1808440	1538380
662	0	0	0	0
663	0	0	0	0
664	0	0	0	0
665	0	0	0	0
666	0	0	0	0
667	0	0	0	0
668	0	0	0	0
669	1597660	0	138789	778095
670	1647260	0	0	0
671	2436590	0	0	1997980
672	1732120	0	309006	1475470
673	1702220	0	1855420	2205690
674	0	0	0	0
675	0	0	0	0
676	0	0	0	0
677	0	0	0	0
678	50477	0	0	0
679	0	0	0	0
680	0	0	0	0
681	1677500	0	0	0
682	2524840	0	0	0
683	1346420	0	0	0
684	1748130	0	0	0
685	1866280	0	1709330	1103560
686	0	0	0	0
687	0	0	0	0
688	0	0	0	0
689	0	0	0	0
690	0	0	0	0
691	0	0	0	0
692	0	0	0	0
693	333237	0	0	0
694	1237980	0	115135	375790
695	700428	0	671877	0
696	1455390	0	1398340	1190620
697	1833590	0	1692900	1839120
698	0	0	0	0
699	0	0	0	0
700	0	0	0	0
701	0	0	0	0
702	0	0	0	0
703	0	0	0	0
704	0	0	0	0
705	0	0	0	0
706	349868	0	0	762535
707	408873	0	0	828655
708	592095	0	659824	1305110
709	1630340	0	1909470	1681580
710	0	0	0	0
711	0	0	0	0
712	0	0	0	0
713	0	0	0	0
714	0	0	0	0
715	0	0	0	0
716	0	0	0	0
717	0	0	0	0
718	0	0	983785	0
719	0	0	0	0
720	604076	0	759716	700543
721	1417550	0	1610590	1726280
722	0	0	0	0
723	0	0	0	0
724	0	0	0	0
725	0	0	0	0
726	0	0	0	0
727	0	0	0	0
728	0	0	0	0
729	0	0	0	0
730	0	0	634264	0
731	0	0	1074160	658063
732	126491	0	1411910	1108770
733	1226650	0	1693640	1899120
734	0	0	0	0
735	0	0	0	0
736	0	0	0	0
737	0	0	0	0
738	0	0	0	0
739	0	0	0	0
740	0	0	0	0
741	0	0	0	0
742	0	0	0	0
743	1032540	0	0	0
744	1145860	0	105576	396560
745	1710870	0	1563950	1401080
746	0	0	0	0
747	0	0	0	0
748	0	0	0	0
749	0	0	0	0
750	0	0	0	0
751	0	0	0	0
752	0	0	0	0
753	0	0	933234	0
754	0	0	2210720	964242
755	0	0	250548	0
756	773864	0	1183050	593232
757	1639430	0	1671710	1596360
758	0	0	0	0
759	0	0	0	0
760	0	0	0	0
761	0	0	0	0
762	0	0	0	0
763	0	0	0	0
764	0	0	0	0
765	0	0	0	0
766	0	0	0	739363
767	0	0	0	0
768	923391	0	0	683358
769	1620380	0	1194550	1474810
770	0	0	0	0
771	0	0	0	0
772	0	0	0	0
773	0	0	0	0
774	0	0	0	0
775	0	0	0	0
776	0	0	0	0
777	1272100	0	0	0
778	3088640	0	929235	0
779	2442460	0	0	0
780	1572370	0	1007440	638435
781	1764410	0	1710290	1499210
782	0	0	0	0
783	0	0	0	0
784	0	0	0	0
785	0	0	0	0
786	0	0	0	0
787	0	0	0	0
788	0	0	0	0
789	0	0	0	0
790	0	0	0	0
791	557189	0	0	0
792	1136850	0	795386	372163
793	1545570	0	1608590	1334200
794	0	0	0	0
795	0	0	0	0
796	0	0	0	0
797	0	0	0	0
798	0	0	0	0
799	0	0	0	0
800	0	0	0	0
801	436993	0	334255	65404
802	1853830	0	0	0
803	1781280	0	0	0
804	1672400	0	472758	34781
805	1539210	0	1529060	1469000
806	0	0	0	0
807	0	0	0	0
808	0	0	0	0
809	0	0	0	0
810	0	0	0	0
811	0	0	0	0
812	0	0	0	0
813	0	0	683818	0
814	0	0	0	0
815	0	0	0	0
816	0	0	0	0
817	1287520	0	1395610	1215500
818	0	0	0	0
819	0	0	0	0
820	0	0	0	0
821	0	0	0	0
822	0	0	0	0
823	0	0	0	0
824	0	0	0	0
825	0	0	0	0
826	0	0	0	312937
827	0	0	0	1731010
828	561180	0	0	1610790
829	1177090	0	1044010	1705620
830	0	0	0	0
831	0	0	0	0
832	0	0	0	0
833	0	0	0	0
834	0	0	0	0
835	0	0	0	0
836	0	0	0	0
837	0	0	0	0
838	0	0	0	0
839	0	0	0	0
840	0	0	513978	106320
841	1049380	0	1530920	1568050
842	0	0	0	0
843	0	0	0	0
844	0	0	0	0
845	0	0	0	0
846	0	0	0	0
847	0	0	0	0
848	0	0	0	0
849	0	0	0	0
850	0	0	0	0
851	0	0	0	0
852	0	0	924797	0
853	1244850	0	1721810	1584930
854	0	0	0	0
855	0	0	0	0
856	0	0	0	0
857	0	0	0	0
858	0	0	0	0
859	0	0	0	0
860	0	0	0	0
861	1647250	0	2007440	273299
862	2679180	0	2542240	371220
863	2421680	0	2773030	979081
864	1780360	0	1670650	1107820
865	1659900	0	2088960	1965990
866	0	0	0	0
867	0	0	0	0
868	0	0	0	0
869	0	0	0	0
870	0	0	0	0
871	0	0	0	0
872	0	0	0	0
873	0	0	830029	0
874	0	0	0	0
875	0	0	0	0
876	415943	0	0	0
877	1523670	0	1495840	966522
878	0	0	0	0
879	0	0	0	0
880	0	0	0	0
881	0	0	0	0
882	0	0	0	0
883	0	0	0	0
884	0	0	0	0
885	0	0	0	0
886	2320530	0	0	376673
887	2947550	0	0	0
888	1563240	0	458577	688668
889	1746100	0	1401720	1852910
890	0	0	0	0
891	0	0	0	0
892	0	0	0	0
893	0	0	0	0
894	0	0	0	0
895	0	0	0	0
896	0	0	0	0
897	171526	0	0	0
898	1820660	0	378398	2284140
899	1322530	0	0	2183860
900	1306370	0	637833	1756200
901	1657600	0	1831400	1720280
902	0	0	0	0
903	0	0	0	0
904	0	0	0	0
905	0	0	0	0
906	0	0	0	0
907	0	0	0	0
908	0	0	0	0
909	0	0	515973	0
910	0	0	0	0
911	0	0	0	0
912	227499	0	834054	250018
913	1489940	0	1679060	1181010
914	0	0	0	0
915	0	0	0	0
916	0	0	0	0
917	0	0	0	0
918	0	0	0	0
919	0	0	0	0
920	0	0	0	0
921	0	0	0	0
922	0	0	0	0
923	0	0	0	0
924	424512	0	0	0
925	1525600	0	1134040	810562
926	0	0	0	0
927	0	0	0	0
928	0	0	0	0
929	0	0	0	0
930	0	0	0	0
931	0	0	0	0
932	0	0	0	0
933	0	0	1901290	0
934	0	0	2930410	0
935	0	0	1612210	0
936	709759	0	850542	0
937	1882450	0	1677260	772719
938	0	0	0	0
939	0	0	0	0
940	0	0	0	0
941	0	0	0	0
942	0	0	0	0
943	0	0	0	0
944	0	0	0	0
945	191568	0	496606	20126
946	1302480	0	279910	1722530
947	1680010	0	1217760	2282210
948	1316320	0	1624610	1527290
949	1741300	0	1696780	1808650
950	0	0	0	0
951	0	0	0	0
952	0	0	0	0
953	0	0	0	0
954	0	0	0	0
955	0	0	0	0
956	0	0	0	0
957	0	0	702097	0
958	0	0	1188080	0
959	0	0	1497540	0
960	0	0	1639260	1082220
961	1197360	0	1693810	1936040
962	0	0	0	0
963	0	0	0	0
964	0	0	0	0
965	0	0	0	0
966	0	0	0	0
967	0	0	0	0
968	0	0	0	0
969	192155	0	376268	1371550
970	0	0	695380	1583110
971	0	0	884430	2595980
972	0	0	1092130	1839100
973	1459570	0	1723070	1709180
974	0	0	0	0
975	0	0	0	0
976	0	0	0	0
977	0	0	0	0
978	0	0	0	0
979	0	0	0	0
980	0	0	0	0
981	0	0	0	0
982	0	0	796917	0
983	0	0	1244720	0
984	0	0	1292800	451518
985	561831	0	1790650	1421280
986	0	0	0	0
987	0	0	0	0
988	0	0	0	0
989	0	0	0	0
990	0	0	0	0
991	0	0	0	0
992	0	0	0	0
993	0	0	0	0
994	0	0	0	0
995	0	0	0	0
996	763359	0	0	971346
997	1549620	0	1157230	1749780
998	0	0	0	0
999	0	0	0	0
1000	0	0	0	0
1001	0	0	0	0
1002	0	0	0	0
1003	0	0	0	0
1004	0	0	0	0
1005	0	0	0	0
1006	278582	0	0	1431250
1007	1848170	0	638740	1748420
1008	1714510	0	1123930	1399360
1009	1712100	0	1932720	1689820
1010	0	0	0	0
1011	0	0	0	0
1012	0	0	0	0
1013	0	0	0	0
1014	0	0	0	0
1015	0	0	0	0
1016	0	0	0	0
1017	1389340	0	0	1542320
1018	0	0	94250	1945230
1019	0	0	2065820	1151010
1020	0	0	817881	914772
1021	832267	0	2108050	1542640
1022	0	0	0	0
1023	0	0	0	0
1024	0	0	0	0
1025	0	0	0	0
1026	0	0	0	0
1027	0	0	0	0
1028	0	0	0	0
1029	0	0	0	2211210
1030	822711	0	789762	3765250
1031	685653	0	0	3231460
1032	667994	0	918262	1851630
1033	1764070	0	1986710	2228980
1034	0	0	0	0
1035	0	0	0	0
1036	0	0	0	0
1037	0	0	0	0
1038	0	0	0	0
1039	0	0	0	0
1040	0	0	0	0
1041	0	0	1064980	2032860
1042	1632290	0	1813260	2953340
1043	2806840	0	574657	1728770
1044	1765590	0	1250390	1198950
1045	1852890	0	1657500	1782730
1046	0	0	0	0
1047	0	0	0	0
1048	0	0	0	0
1049	0	0	0	0
1050	0	0	0	0
1051	0	0	0	0
1052	0	0	0	0
1053	0	0	0	466147
1054	0	0	1398410	2651740
1055	0	0	1359370	1915250
1056	120138	0	1012260	1185300
1057	1339980	0	1548810	1376630
1058	0	0	0	0
1059	0	0	0	0
1060	0	0	0	0
1061	0	0	0	0
1062	0	0	0	0
1063	0	0	0	0
1064	0	0	0	0
1065	0	0	0	0
1066	0	0	0	0
1067	0	0	0	0
1068	538366	0	866357	697081
1069	1617020	0	1670150	1842940
1070	0	0	0	0
1071	0	0	0	0
1072	0	0	0	0
1073	0	0	0	0
1074	0	0	0	0
1075	0	0	0	0
1076	0	0	0	0
1077	0	0	0	0
1078	0	0	625978	1890200
1079	0	0	1046320	1326420
1080	0	0	1211300	1156280
1081	1267620	0	1660600	1686460
1082	0	0	0	0
1083	0	0	0	0
1084	0	0	0	0
1085	0	0	0	0
1086	0	0	0	0
1087	0	0	0	0
1088	0	0	0	0
1089	0	0	1503310	1124130
1090	0	0	751473	1646600
1091	0	0	144108	0
1092	35920	0	1005240	1047320
1093	1318070	0	1621330	1709210
1094	0	0	0	0
1095	0	0	0	0
1096	0	0	0	0
1097	0	0	0	0
1098	0	0	0	0
1099	0	0	0	0
1100	0	0	0	0
1101	0	0	0	0
1102	0	0	0	1677630
1103	0	0	0	2768240
1104	0	0	752658	1648290
1105	1096960	0	1839160	1779230
1106	0	0	0	0
1107	0	0	0	0
1108	0	0	0	0
1109	0	0	0	0
1110	0	0	0	0
1111	0	0	0	0
1112	0	0	0	0
1113	0	0	0	273067
1114	657276	0	1859940	2237380
1115	347986	0	2550000	2881490
1116	1029790	0	1829290	1487730
1117	2029760	0	1797900	1768480
1118	0	0	0	0
1119	0	0	0	0
1120	0	0	0	0
1121	0	0	0	0
1122	0	0	0	0
1123	0	0	0	0
1124	0	0	0	0
1125	1652430	0	1377720	697073
1126	2651530	0	1596190	157290
1127	1886430	0	1494100	0
1128	1921850	0	1806390	919395
1129	1681070	0	1674520	1963590
1130	0	0	0	0
1131	0	0	0	0
1132	0	0	0	0
1133	0	0	0	0
1134	0	0	0	0
1135	0	0	0	0
1136	0	0	0	0
1137	0	0	251897	0
1138	0	0	1447370	0
1139	814502	0	1150180	1348670
1140	1277680	0	1675050	1460200
1141	2064080	0	1819200	1830570
1142	0	0	0	0
1143	0	0	0	0
1144	0	0	0	0
1145	0	0	0	0
1146	0	0	0	0
1147	0	0	0	0
1148	0	0	0	0
1149	0	0	0	0
1150	0	0	0	0
1151	684687	0	1254850	0
1152	0	0	826911	0
1153	1378280	0	1920280	1058470
1154	0	0	0	0
1155	0	0	0	0
1156	0	0	0	0
1157	0	0	0	0
1158	0	0	0	0
1159	0	0	0	0
1160	0	0	0	0
1161	0	0	0	0
1162	0	0	0	1519780
1163	0	0	0	2927750
1164	0	0	799769	1941020
1165	1530030	0	2122860	1752530
1166	0	0	0	0
1167	0	0	0	0
1168	0	0	0	0
1169	0	0	0	0
1170	0	0	0	0
1171	0	0	0	0
1172	0	0	0	0
1173	202992	0	0	0
1174	372549	0	471677	1594220
1175	0	0	0	440306
1176	1160090	0	864482	1323950
1177	2100110	0	1644130	1792480
1178	0	0	0	0
1179	0	0	0	0
1180	0	0	0	0
1181	0	0	0	0
1182	0	0	0	0
1183	0	0	0	0
1184	0	0	0	0
1185	0	0	0	677665
1186	406211	0	897256	2997030
1187	1455370	0	0	1988680
1188	1520530	0	1135090	1370960
1189	1843720	0	2018470	1788700
1190	0	0	0	0
1191	0	0	0	0
1192	0	0	0	0
1193	0	0	0	0
1194	0	0	0	0
1195	0	0	0	0
1196	0	0	0	0
1197	891437	0	1629200	696808
1198	1727120	0	2614420	1805500
1199	2446950	0	2741310	1949730
1200	1913800	0	1915890	1621620
1201	1763730	0	1730750	1839240
1202	0	0	0	0
1203	0	0	0	0
1204	0	0	0	0
1205	0	0	0	0
1206	0	0	0	0
1207	0	0	0	0
1208	0	0	0	0
1209	1603850	0	948433	610255
1210	3300540	0	948915	1892340
1211	2443890	0	1097050	373545
1212	1678560	0	1191090	1243400
1213	1804930	0	1734590	1805720
1214	0	0	0	0
1215	0	0	0	0
1216	0	0	0	0
1217	614854	0	614854	614854