Elevation	Volume
2287	889900
2287.1	891500
2287.2	893000
2287.3	894600
2287.4	896200
2287.5	897800
2287.6	899300
2287.7	900900
2287.8	902500
2287.9	904100
2288	905600
2288.1	907200
2288.2	908800
2288.3	910400
2288.4	911900
2288.5	913500
2288.6	915100
2288.7	916700
2288.8	918200
2288.9	919800
2289	921400
2289.1	923000
2289.2	924500
2289.3	926100
2289.4	927700
2289.5	929300
2289.6	930800
2289.7	932400
2289.8	934000
2289.9	935600
2290	937100
2290.1	938700
2290.2	940300
2290.3	941900
2290.4	943400
2290.5	945000
2290.6	946600
2290.7	948200
2290.8	949700
2290.9	951300
2291	952900
2291.1	954500
2291.2	956000
2291.3	957600
2291.4	959200
2291.5	960800
2291.6	962300
2291.7	963900
2291.8	965500
2291.9	967100
2292	968600
2292.1	970200
2292.2	971800
2292.3	973400
2292.4	974900
2292.5	976500
2292.6	978100
2292.7	979700
2292.8	981200
2292.9	982800
2293	984400
2293.1	986000
2293.2	987500
2293.3	989100
2293.4	990700
2293.5	992300
2293.6	993800
2293.7	995400
2293.8	997000
2293.9	998500
2294	1000100
2294.1	1001700
2294.2	1003300
2294.3	1004800
2294.4	1006400
2294.5	1008000
2294.6	1009600
2294.7	1011100
2294.8	1012700
2294.9	1014300
2295	1015900
2295.1	1017400
2295.2	1019000
2295.3	1020600
2295.4	1022200
2295.5	1023700
2295.6	1025300
2295.7	1026900
2295.8	1028500
2295.9	1030000
2296	1031600
2296.1	1033200
2296.2	1034800
2296.3	1036300
2296.4	1037900
2296.5	1039500
2296.6	1041100
2296.7	1042600
2296.8	1044200
2296.9	1045800
2297	1047400
2297.1	1048900
2297.2	1050500
2297.3	1052100
2297.4	1053700
2297.5	1055200
2297.6	1056800
2297.7	1058400
2297.8	1060000
2297.9	1061500
2298	1063100
2298.1	1064700
2298.2	1066300
2298.3	1067800
2298.4	1069400
2298.5	1071000
2298.6	1072600
2298.7	1074100
2298.8	1075700
2298.9	1077300
2299	1078900
2299.1	1080400
2299.2	1082000
2299.3	1083600
2299.4	1085200
2299.5	1086700
2299.6	1088300
2299.7	1089900
2299.8	1091500
2299.9	1093000
2300	1094600
2300.1	1096400
2300.2	1098100
2300.3	1099900
2300.4	1101700
2300.5	1103400
2300.6	1105200
2300.7	1107000
2300.8	1108700
2300.9	1110500
2301	1112300
2301.1	1114000
2301.2	1115800
2301.3	1117600
2301.4	1119300
2301.5	1121100
2301.6	1122900
2301.7	1124600
2301.8	1126400
2301.9	1128200
2302	1129900
2302.1	1131700
2302.2	1133500
2302.3	1135200
2302.4	1137000
2302.5	1138800
2302.6	1140500
2302.7	1142300
2302.8	1144100
2302.9	1145800
2303	1147600
2303.1	1149400
2303.2	1151100
2303.3	1152900
2303.4	1154700
2303.5	1156400
2303.6	1158200
2303.7	1160000
2303.8	1161700
2303.9	1163500
2304	1165300
2304.1	1167000
2304.2	1168800
2304.3	1170600
2304.4	1172300
2304.5	1174100
2304.6	1175900
2304.7	1177600
2304.8	1179400
2304.9	1181200
2305	1182900
2305.1	1184700
2305.2	1186500
2305.3	1188300
2305.4	1190000
2305.5	1191800
2305.6	1193600
2305.7	1195300
2305.8	1197100
2305.9	1198900
2306	1200600
2306.1	1202400
2306.2	1204200
2306.3	1205900
2306.4	1207700
2306.5	1209500
2306.6	1211200
2306.7	1213000
2306.8	1214800
2306.9	1216500
2307	1218300
2307.1	1220100
2307.2	1221800
2307.3	1223600
2307.4	1225400
2307.5	1227100
2307.6	1228900
2307.7	1230700
2307.8	1232400
2307.9	1234200
2308	1236000
2308.1	1237700
2308.2	1239500
2308.3	1241300
2308.4	1243000
2308.5	1244800
2308.6	1246600
2308.7	1248300
2308.8	1250100
2308.9	1251900
2309	1253600
2309.1	1255400
2309.2	1257200
2309.3	1258900
2309.4	1260700
2309.5	1262500
2309.6	1264200
2309.7	1266000
2309.8	1267800
2309.9	1269500
2310	1271300
2310.1	1273200
2310.2	1275100
2310.3	1276900
2310.4	1278800
2310.5	1280700
2310.6	1282600
2310.7	1284500
2310.8	1286400
2310.9	1288200
2311	1290100
2311.1	1292000
2311.2	1293900
2311.3	1295800
2311.4	1297700
2311.5	1299500
2311.6	1301400
2311.7	1303300
2311.8	1305200
2311.9	1307100
2312	1309000
2312.1	1310800
2312.2	1312700
2312.3	1314600
2312.4	1316500
2312.5	1318400
2312.6	1320300
2312.7	1322100
2312.8	1324000
2312.9	1325900
2313	1327800
2313.1	1329700
2313.2	1331600
2313.3	1333400
2313.4	1335300
2313.5	1337200
2313.6	1339100
2313.7	1341000
2313.8	1342900
2313.9	1344700
2314	1346600
2314.1	1348500
2314.2	1350400
2314.3	1352300
2314.4	1354200
2314.5	1356000
2314.6	1357900
2314.7	1359800
2314.8	1361700
2314.9	1363600
2315	1365400
2315.1	1367300
2315.2	1369200
2315.3	1371100
2315.4	1373000
2315.5	1374900
2315.6	1376700
2315.7	1378600
2315.8	1380500
2315.9	1382400
2316	1384300
2316.1	1386200
2316.2	1388000
2316.3	1389900
2316.4	1391800
2316.5	1393700
2316.6	1395600
2316.7	1397500
2316.8	1399300
2316.9	1401200
2317	1403100
2317.1	1405000
2317.2	1406900
2317.3	1408800
2317.4	1410600
2317.5	1412500
2317.6	1414400
2317.7	1416300
2317.8	1418200
2317.9	1420100
2318	1421900
2318.1	1423800
2318.2	1425700
2318.3	1427600
2318.4	1429500
2318.5	1431400
2318.6	1433200
2318.7	1435100
2318.8	1437000
2318.9	1438900
2319	1440800
2319.1	1442700
2319.2	1444500
2319.3	1446400
2319.4	1448300
2319.5	1450200
2319.6	1452100
2319.7	1454000
2319.8	1455800
2319.9	1457700
2320	1459600
2320.1	1461600
2320.2	1463700
2320.3	1465700
2320.4	1467700
2320.5	1469700
2320.6	1471800
2320.7	1473800
2320.8	1475800
2320.9	1477800
2321	1479900
2321.1	1481900
2321.2	1483900
2321.3	1485900
2321.4	1488000
2321.5	1490000
2321.6	1492000
2321.7	1494000
2321.8	1496100
2321.9	1498100
2322	1500100
2322.1	1502100
2322.2	1504200
2322.3	1506200
2322.4	1508200
2322.5	1510300
2322.6	1512300
2322.7	1514300
2322.8	1516300
2322.9	1518400
2323	1520400
2323.1	1522400
2323.2	1524400
2323.3	1526500
2323.4	1528500
2323.5	1530500
2323.6	1532500
2323.7	1534600
2323.8	1536600
2323.9	1538600
2324	1540600
2324.1	1542700
2324.2	1544700
2324.3	1546700
2324.4	1548700
2324.5	1550800
2324.6	1552800
2324.7	1554800
2324.8	1556800
2324.9	1558900
2325	1560900
2325.1	1562900
2325.2	1565000
2325.3	1567000
2325.4	1569000
2325.5	1571000
2325.6	1573100
2325.7	1575100
2325.8	1577100
2325.9	1579100
2326	1581200
2326.1	1583200
2326.2	1585200
2326.3	1587200
2326.4	1589300
2326.5	1591300
2326.6	1593300
2326.7	1595300
2326.8	1597400
2326.9	1599400
2327	1601400
2327.1	1603400
2327.2	1605500
2327.3	1607500
2327.4	1609500
2327.5	1611600
2327.6	1613600
2327.7	1615600
2327.8	1617600
2327.9	1619700
2328	1621700
2328.1	1623700
2328.2	1625700
2328.3	1627800
2328.4	1629800
2328.5	1631800
2328.6	1633800
2328.7	1635900
2328.8	1637900
2328.9	1639900
2329	1641900
2329.1	1644000
2329.2	1646000
2329.3	1648000
2329.4	1650000
2329.5	1652100
2329.6	1654100
2329.7	1656100
2329.8	1658100
2329.9	1660200
2330	1662200
2330.1	1664400
2330.2	1666600
2330.3	1668700
2330.4	1670900
2330.5	1673100
2330.6	1675300
2330.7	1677500
2330.8	1679600
2330.9	1681800
2331	1684000
2331.1	1686200
2331.2	1688300
2331.3	1690500
2331.4	1692700
2331.5	1694900
2331.6	1697100
2331.7	1699200
2331.8	1701400
2331.9	1703600
2332	1705800
2332.1	1708000
2332.2	1710100
2332.3	1712300
2332.4	1714500
2332.5	1716700
2332.6	1718900
2332.7	1721000
2332.8	1723200
2332.9	1725400
2333	1727600
2333.1	1729800
2333.2	1731900
2333.3	1734100
2333.4	1736300
2333.5	1738500
2333.6	1740600
2333.7	1742800
2333.8	1745000
2333.9	1747200
2334	1749400
2334.1	1751500
2334.2	1753700
2334.3	1755900
2334.4	1758100
2334.5	1760300
2334.6	1762400
2334.7	1764600
2334.8	1766800
2334.9	1769000
2335	1771200
2335.1	1773300
2335.2	1775500
2335.3	1777700
2335.4	1779900
2335.5	1782000
2335.6	1784200
2335.7	1786400
2335.8	1788600
2335.9	1790800
2336	1792900
2336.1	1795100
2336.2	1797300
2336.3	1799500
2336.4	1801700
2336.5	1803800
2336.6	1806000
2336.7	1808200
2336.8	1810400
2336.9	1812500
2337	1814700
2337.1	1816900
2337.2	1819100
2337.3	1821300
2337.4	1823400
2337.5	1825600
2337.6	1827800
2337.7	1830000
2337.8	1832200
2337.9	1834300
2338	1836500
2338.1	1838700
2338.2	1840900
2338.3	1843100
2338.4	1845200
2338.5	1847400
2338.6	1849600
2338.7	1851800
2338.8	1854000
2338.9	1856100
2339	1858300
2339.1	1860500
2339.2	1862700
2339.3	1864800
2339.4	1867000
2339.5	1869200
2339.6	1871400
2339.7	1873600
2339.8	1875700
2339.9	1877900
2340	1880100
2340.1	1882400
2340.2	1884700
2340.3	1887000
2340.4	1889300
2340.5	1891600
2340.6	1893900
2340.7	1896200
2340.8	1898500
2340.9	1900800
2341	1903100
2341.1	1905400
2341.2	1907700
2341.3	1910000
2341.4	1912300
2341.5	1914600
2341.6	1916900
2341.7	1919200
2341.8	1921500
2341.9	1923800
2342	1926100
2342.1	1928400
2342.2	1930700
2342.3	1933000
2342.4	1935300
2342.5	1937700
2342.6	1940000
2342.7	1942300
2342.8	1944600
2342.9	1946900
2343	1949200
2343.1	1951500
2343.2	1953800
2343.3	1956100
2343.4	1958400
2343.5	1960700
2343.6	1963000
2343.7	1965300
2343.8	1967600
2343.9	1969900
2344	1972200
2344.1	1974500
2344.2	1976800
2344.3	1979100
2344.4	1981400
2344.5	1983700
2344.6	1986000
2344.7	1988300
2344.8	1990600
2344.9	1992900
2345	1995200
2345.1	1997500
2345.2	1999800
2345.3	2002100
2345.4	2004400
2345.5	2006700
2345.6	2009000
2345.7	2011300
2345.8	2013600
2345.9	2015900
2346	2018200
2346.1	2020500
2346.2	2022800
2346.3	2025100
2346.4	2027400
2346.5	2029700
2346.6	2032000
2346.7	2034300
2346.8	2036600
2346.9	2038900
2347	2041200
2347.1	2043500
2347.2	2045800
2347.3	2048100
2347.4	2050400
2347.5	2052800
2347.6	2055100
2347.7	2057400
2347.8	2059700
2347.9	2062000
2348	2064300
2348.1	2066600
2348.2	2068900
2348.3	2071200
2348.4	2073500
2348.5	2075800
2348.6	2078100
2348.7	2080400
2348.8	2082700
2348.9	2085000
2349	2087300
2349.1	2089600
2349.2	2091900
2349.3	2094200
2349.4	2096500
2349.5	2098800
2349.6	2101100
2349.7	2103400
2349.8	2105700
2349.9	2108000
2350	2110300
2350.1	2112700
2350.2	2115200
2350.3	2117600
2350.4	2120000
2350.5	2122500
2350.6	2124900
2350.7	2127300
2350.8	2129700
2350.9	2132200
2351	2134600
2351.1	2137000
2351.2	2139500
2351.3	2141900
2351.4	2144300
2351.5	2146800
2351.6	2149200
2351.7	2151600
2351.8	2154100
2351.9	2156500
2352	2158900
2352.1	2161400
2352.2	2163800
2352.3	2166200
2352.4	2168600
2352.5	2171100
2352.6	2173500
2352.7	2175900
2352.8	2178400
2352.9	2180800
2353	2183200
2353.1	2185700
2353.2	2188100
2353.3	2190500
2353.4	2193000
2353.5	2195400
2353.6	2197800
2353.7	2200200
2353.8	2202700
2353.9	2205100
2354	2207500
2354.1	2210000
2354.2	2212400
2354.3	2214800
2354.4	2217300
2354.5	2219700
2354.6	2222100
2354.7	2224600
2354.8	2227000
2354.9	2229400
2355	2231900
2355.1	2234300
2355.2	2236700
2355.3	2239100
2355.4	2241600
2355.5	2244000
2355.6	2246400
2355.7	2248900
2355.8	2251300
2355.9	2253700
2356	2256200
2356.1	2258600
2356.2	2261000
2356.3	2263500
2356.4	2265900
2356.5	2268300
2356.6	2270700
2356.7	2273200
2356.8	2275600
2356.9	2278000
2357	2280500
2357.1	2282900
2357.2	2285300
2357.3	2287800
2357.4	2290200
2357.5	2292600
2357.6	2295100
2357.7	2297500
2357.8	2299900
2357.9	2302300
2358	2304800
2358.1	2307200
2358.2	2309600
2358.3	2312100
2358.4	2314500
2358.5	2316900
2358.6	2319400
2358.7	2321800
2358.8	2324200
2358.9	2326700
2359	2329100
2359.1	2331500
2359.2	2334000
2359.3	2336400
2359.4	2338800
2359.5	2341200
2359.6	2343700
2359.7	2346100
2359.8	2348500
2359.9	2351000
2360	2353400
2360.1	2356000
2360.2	2358600
2360.3	2361200
2360.4	2363700
2360.5	2366300
2360.6	2368900
2360.7	2371500
2360.8	2374100
2360.9	2376600
2361	2379200
2361.1	2381800
2361.2	2384400
2361.3	2387000
2361.4	2389600
2361.5	2392100
2361.6	2394700
2361.7	2397300
2361.8	2399900
2361.9	2402500
2362	2405100
2362.1	2407600
2362.2	2410200
2362.3	2412800
2362.4	2415400
2362.5	2418000
2362.6	2420600
2362.7	2423100
2362.8	2425700
2362.9	2428300
2363	2430900
2363.1	2433500
2363.2	2436100
2363.3	2438600
2363.4	2441200
2363.5	2443800
2363.6	2446400
2363.7	2449000
2363.8	2451600
2363.9	2454100
2364	2456700
2364.1	2459300
2364.2	2461900
2364.3	2464500
2364.4	2467000
2364.5	2469600
2364.6	2472200
2364.7	2474800
2364.8	2477400
2364.9	2480000
2365	2482600
2365.1	2485100
2365.2	2487700
2365.3	2490300
2365.4	2492900
2365.5	2495500
2365.6	2498100
2365.7	2500600
2365.8	2503200
2365.9	2505800
2366	2508400
2366.1	2511000
2366.2	2513500
2366.3	2516100
2366.4	2518700
2366.5	2521300
2366.6	2523900
2366.7	2526500
2366.8	2529000
2366.9	2531600
2367	2534200
2367.1	2536800
2367.2	2539400
2367.3	2542000
2367.4	2544500
2367.5	2547100
2367.6	2549700
2367.7	2552300
2367.8	2554900
2367.9	2557500
2368	2560000
2368.1	2562600
2368.2	2565200
2368.3	2567800
2368.4	2570400
2368.5	2573000
2368.6	2575500
2368.7	2578100
2368.8	2580700
2368.9	2583300
2369	2585900
2369.1	2588500
2369.2	2591000
2369.3	2593600
2369.4	2596200
2369.5	2598800
2369.6	2601400
2369.7	2603900
2369.8	2606500
2369.9	2609100
2370	2611700
2370.1	2614400
2370.2	2617200
2370.3	2619900
2370.4	2622700
2370.5	2625400
2370.6	2628200
2370.7	2630900
2370.8	2633600
2370.9	2636400
2371	2639100
2371.1	2641900
2371.2	2644600
2371.3	2647400
2371.4	2650100
2371.5	2652800
2371.6	2655600
2371.7	2658300
2371.8	2661100
2371.9	2663800
2372	2666600
2372.1	2669300
2372.2	2672000
2372.3	2674800
2372.4	2677500
2372.5	2680300
2372.6	2683000
2372.7	2685800
2372.8	2688500
2372.9	2691200
2373	2694000
2373.1	2696700
2373.2	2699500
2373.3	2702200
2373.4	2705000
2373.5	2707700
2373.6	2710500
2373.7	2713200
2373.8	2715900
2373.9	2718700
2374	2721400
2374.1	2724200
2374.2	2726900
2374.3	2729700
2374.4	2732400
2374.5	2735100
2374.6	2737900
2374.7	2740600
2374.8	2743400
2374.9	2746100
2375	2748900
2375.1	2751600
2375.2	2754300
2375.3	2757100
2375.4	2759800
2375.5	2762600
2375.6	2765300
2375.7	2768000
2375.8	2770800
2375.9	2773500
2376	2776300
2376.1	2779000
2376.2	2781800
2376.3	2784500
2376.4	2787200
2376.5	2790000
2376.6	2792700
2376.7	2795500
2376.8	2798200
2376.9	2801000
2377	2803700
2377.1	2806500
2377.2	2809200
2377.3	2811900
2377.4	2814700
2377.5	2817400
2377.6	2820200
2377.7	2822900
2377.8	2825700
2377.9	2828400
2378	2831100
2378.1	2833900
2378.2	2836600
2378.3	2839400
2378.4	2842100
2378.5	2844900
2378.6	2847600
2378.7	2850300
2378.8	2853100
2378.9	2855800
2379	2858600
2379.1	2861300
2379.2	2864100
2379.3	2866800
2379.4	2869500
2379.5	2872300
2379.6	2875000
2379.7	2877800
2379.8	2880500
2379.9	2883300
2380	2886000
2380.1	2888900
2380.2	2891800
2380.3	2894700
2380.4	2897600
2380.5	2900500
2380.6	2903400
2380.7	2906300
2380.8	2909200
2380.9	2912100
2381	2915000
2381.1	2917900
2381.2	2920800
2381.3	2923700
2381.4	2926600
2381.5	2929500
2381.6	2932400
2381.7	2935200
2381.8	2938100
2381.9	2941000
2382	2943900
2382.1	2946800
2382.2	2949700
2382.3	2952600
2382.4	2955500
2382.5	2958400
2382.6	2961300
2382.7	2964200
2382.8	2967100
2382.9	2970000
2383	2972900
2383.1	2975800
2383.2	2978700
2383.3	2981600
2383.4	2984500
2383.5	2987400
2383.6	2990300
2383.7	2993200
2383.8	2996100
2383.9	2999000
2384	3001900
2384.1	3004800
2384.2	3007700
2384.3	3010600
2384.4	3013500
2384.5	3016400
2384.6	3019300
2384.7	3022200
2384.8	3025100
2384.9	3028000
2385	3030900
2385.1	3033700
2385.2	3036600
2385.3	3039500
2385.4	3042400
2385.5	3045300
2385.6	3048200
2385.7	3051100
2385.8	3054000
2385.9	3056900
2386	3059800
2386.1	3062700
2386.2	3065600
2386.3	3068500
2386.4	3071400
2386.5	3074300
2386.6	3077200
2386.7	3080100
2386.8	3083000
2386.9	3085900
2387	3088800
2387.1	3091700
2387.2	3094600
2387.3	3097500
2387.4	3100400
2387.5	3103300
2387.6	3106200
2387.7	3109100
2387.8	3112000
2387.9	3114900
2388	3117800
2388.1	3120700
2388.2	3123600
2388.3	3126500
2388.4	3129300
2388.5	3132200
2388.6	3135100
2388.7	3138000
2388.8	3140900
2388.9	3143800
2389	3146700
2389.1	3149600
2389.2	3152500
2389.3	3155400
2389.4	3158300
2389.5	3161200
2389.6	3164100
2389.7	3167000
2389.8	3169900
2389.9	3172800
2390	3175700
2390.1	3178800
2390.2	3182000
2390.3	3185100
2390.4	3188200
2390.5	3191300
2390.6	3194500
2390.7	3197600
2390.8	3200700
2390.9	3203800
2391	3207000
2391.1	3210100
2391.2	3213200
2391.3	3216300
2391.4	3219500
2391.5	3222600
2391.6	3225700
2391.7	3228800
2391.8	3232000
2391.9	3235100
2392	3238200
2392.1	3241300
2392.2	3244500
2392.3	3247600
2392.4	3250700
2392.5	3253900
2392.6	3257000
2392.7	3260100
2392.8	3263200
2392.9	3266400
2393	3269500
2393.1	3272600
2393.2	3275700
2393.3	3278900
2393.4	3282000
2393.5	3285100
2393.6	3288200
2393.7	3291400
2393.8	3294500
2393.9	3297600
2394	3300700
2394.1	3303900
2394.2	3307000
2394.3	3310100
2394.4	3313200
2394.5	3316400
2394.6	3319500
2394.7	3322600
2394.8	3325700
2394.9	3328900
2395	3332000
2395.1	3335100
2395.2	3338300
2395.3	3341400
2395.4	3344500
2395.5	3347600
2395.6	3350800
2395.7	3353900
2395.8	3357000
2395.9	3360100
2396	3363300
2396.1	3366400
2396.2	3369500
2396.3	3372600
2396.4	3375800
2396.5	3378900
2396.6	3382000
2396.7	3385100
2396.8	3388300
2396.9	3391400
2397	3394500
2397.1	3397600
2397.2	3400800
2397.3	3403900
2397.4	3407000
2397.5	3410100
2397.6	3413300
2397.7	3416400
2397.8	3419500
2397.9	3422700
2398	3425800
2398.1	3428900
2398.2	3432000
2398.3	3435200
2398.4	3438300
2398.5	3441400
2398.6	3444500
2398.7	3447700
2398.8	3450800
2398.9	3453900
2399	3457000
2399.1	3460200
2399.2	3463300
2399.3	3466400
2399.4	3469500
2399.5	3472700
2399.6	3475800
2399.7	3478900
2399.8	3482000
2399.9	3485200
2400	3488300
2400.1	3491700
2400.2	3495200
2400.3	3498600
2400.4	3502100
2400.5	3505500
2400.6	3509000
2400.7	3512400
2400.8	3515900
2400.9	3519300
2401	3522700
2401.1	3526200
2401.2	3529600
2401.3	3533100
2401.4	3536500
2401.5	3540000
2401.6	3543400
2401.7	3546800
2401.8	3550300
2401.9	3553700
2402	3557200
2402.1	3560600
2402.2	3564100
2402.3	3567500
2402.4	3571000
2402.5	3574400
2402.6	3577800
2402.7	3581300
2402.8	3584700
2402.9	3588200
2403	3591600
2403.1	3595100
2403.2	3598500
2403.3	3602000
2403.4	3605400
2403.5	3608800
2403.6	3612300
2403.7	3615700
2403.8	3619200
2403.9	3622600
2404	3626100
2404.1	3629500
2404.2	3632900
2404.3	3636400
2404.4	3639800
2404.5	3643300
2404.6	3646700
2404.7	3650200
2404.8	3653600
2404.9	3657100
2405	3660500
2405.1	3663900
2405.2	3667400
2405.3	3670800
2405.4	3674300
2405.5	3677700
2405.6	3681200
2405.7	3684600
2405.8	3688100
2405.9	3691500
2406	3694900
2406.1	3698400
2406.2	3701800
2406.3	3705300
2406.4	3708700
2406.5	3712200
2406.6	3715600
2406.7	3719000
2406.8	3722500
2406.9	3725900
2407	3729400
2407.1	3732800
2407.2	3736300
2407.3	3739700
2407.4	3743200
2407.5	3746600
2407.6	3750000
2407.7	3753500
2407.8	3756900
2407.9	3760400
2408	3763800
2408.1	3767300
2408.2	3770700
2408.3	3774200
2408.4	3777600
2408.5	3781000
2408.6	3784500
2408.7	3787900
2408.8	3791400
2408.9	3794800
2409	3798300
2409.1	3801700
2409.2	3805100
2409.3	3808600
2409.4	3812000
2409.5	3815500
2409.6	3818900
2409.7	3822400
2409.8	3825800
2409.9	3829300
2410	3832700
2410.1	3836400
2410.2	3840200
2410.3	3843900
2410.4	3847600
2410.5	3851400
2410.6	3855100
2410.7	3858900
2410.8	3862600
2410.9	3866300
2411	3870100
2411.1	3873800
2411.2	3877500
2411.3	3881300
2411.4	3885000
2411.5	3888700
2411.6	3892500
2411.7	3896200
2411.8	3899900
2411.9	3903700
2412	3907400
2412.1	3911200
2412.2	3914900
2412.3	3918600
2412.4	3922400
2412.5	3926100
2412.6	3929800
2412.7	3933600
2412.8	3937300
2412.9	3941000
2413	3944800
2413.1	3948500
2413.2	3952300
2413.3	3956000
2413.4	3959700
2413.5	3963500
2413.6	3967200
2413.7	3970900
2413.8	3974700
2413.9	3978400
2414	3982100
2414.1	3985900
2414.2	3989600
2414.3	3993300
2414.4	3997100
2414.5	4000800
2414.6	4004600
2414.7	4008300
2414.8	4012000
2414.9	4015800
2415	4019500
2415.1	4023200
2415.2	4027000
2415.3	4030700
2415.4	4034400
2415.5	4038200
2415.6	4041900
2415.7	4045700
2415.8	4049400
2415.9	4053100
2416	4056900
2416.1	4060600
2416.2	4064300
2416.3	4068100
2416.4	4071800
2416.5	4075500
2416.6	4079300
2416.7	4083000
2416.8	4086700
2416.9	4090500
2417	4094200
2417.1	4098000
2417.2	4101700
2417.3	4105400
2417.4	4109200
2417.5	4112900
2417.6	4116600
2417.7	4120400
2417.8	4124100
2417.9	4127800
2418	4131600
2418.1	4135300
2418.2	4139100
2418.3	4142800
2418.4	4146500
2418.5	4150300
2418.6	4154000
2418.7	4157700
2418.8	4161500
2418.9	4165200
2419	4168900
2419.1	4172700
2419.2	4176400
2419.3	4180100
2419.4	4183900
2419.5	4187600
2419.6	4191400
2419.7	4195100
2419.8	4198800
2419.9	4202600
2420	4206300
2420.1	4210300
2420.2	4214200
2420.3	4218200
2420.4	4222200
2420.5	4226100
2420.6	4230100
2420.7	4234000
2420.8	4238000
2420.9	4242000
2421	4245900
2421.1	4249900
2421.2	4253900
2421.3	4257800
2421.4	4261800
2421.5	4265800
2421.6	4269700
2421.7	4273700
2421.8	4277700
2421.9	4281600
2422	4285600
2422.1	4289500
2422.2	4293500
2422.3	4297500
2422.4	4301400
2422.5	4305400
2422.6	4309400
2422.7	4313300
2422.8	4317300
2422.9	4321300
2423	4325200
2423.1	4329200
2423.2	4333100
2423.3	4337100
2423.4	4341100
2423.5	4345000
2423.6	4349000
2423.7	4353000
2423.8	4356900
2423.9	4360900
2424	4364900
2424.1	4368800
2424.2	4372800
2424.3	4376800
2424.4	4380700
2424.5	4384700
2424.6	4388600
2424.7	4392600
2424.8	4396600
2424.9	4400500
2425	4404500
2425.1	4408500
2425.2	4412400
2425.3	4416400
2425.4	4420400
2425.5	4424300
2425.6	4428300
2425.7	4432200
2425.8	4436200
2425.9	4440200
2426	4444100
2426.1	4448100
2426.2	4452100
2426.3	4456000
2426.4	4460000
2426.5	4464000
2426.6	4467900
2426.7	4471900
2426.8	4475900
2426.9	4479800
2427	4483800
2427.1	4487700
2427.2	4491700
2427.3	4495700
2427.4	4499600
2427.5	4503600
2427.6	4507600
2427.7	4511500
2427.8	4515500
2427.9	4519500
2428	4523400
2428.1	4527400
2428.2	4531300
2428.3	4535300
2428.4	4539300
2428.5	4543200
2428.6	4547200
2428.7	4551200
2428.8	4555100
2428.9	4559100
2429	4563100
2429.1	4567000
2429.2	4571000
2429.3	4575000
2429.4	4578900
2429.5	4582900
2429.6	4586800
2429.7	4590800
2429.8	4594800
2429.9	4598700
2430	4602700
2430.1	4606900
2430.2	4611100
2430.3	4615200
2430.4	4619400
2430.5	4623600
2430.6	4627800
2430.7	4631900
2430.8	4636100
2430.9	4640300
2431	4644500
2431.1	4648700
2431.2	4652800
2431.3	4657000
2431.4	4661200
2431.5	4665400
2431.6	4669600
2431.7	4673700
2431.8	4677900
2431.9	4682100
2432	4686300
2432.1	4690400
2432.2	4694600
2432.3	4698800
2432.4	4703000
2432.5	4707100
2432.6	4711300
2432.7	4715500
2432.8	4719700
2432.9	4723900
2433	4728000
2433.1	4732200
2433.2	4736400
2433.3	4740600
2433.4	4744700
2433.5	4748900
2433.6	4753100
2433.7	4757300
2433.8	4761500
2433.9	4765600
2434	4769800
2434.1	4774000
2434.2	4778200
2434.3	4782400
2434.4	4786500
2434.5	4790700
2434.6	4794900
2434.7	4799100
2434.8	4803200
2434.9	4807400
2435	4811600
2435.1	4815800
2435.2	4820000
2435.3	4824100
2435.4	4828300
2435.5	4832500
2435.6	4836700
2435.7	4840800
2435.8	4845000
2435.9	4849200
2436	4853400
2436.1	4857600
2436.2	4861700
2436.3	4865900
2436.4	4870100
2436.5	4874300
2436.6	4878500
2436.7	4882600
2436.8	4886800
2436.9	4891000
2437	4895200
2437.1	4899300
2437.2	4903500
2437.3	4907700
2437.4	4911900
2437.5	4916000
2437.6	4920200
2437.7	4924400
2437.8	4928600
2437.9	4932800
2438	4936900
2438.1	4941100
2438.2	4945300
2438.3	4949500
2438.4	4953600
2438.5	4957800
2438.6	4962000
2438.7	4966200
2438.8	4970400
2438.9	4974500
2439	4978700
2439.1	4982900
2439.2	4987100
2439.3	4991300
2439.4	4995400
2439.5	4999600
2439.6	5003800
2439.7	5008000
2439.8	5012100
2439.9	5016300
2440	5020500
2440.1	5024900
2440.2	5029300
2440.3	5033600
2440.4	5038000
2440.5	5042400
2440.6	5046800
2440.7	5051200
2440.8	5055600
2440.9	5059900
2441	5064300
2441.1	5068700
2441.2	5073100
2441.3	5077500
2441.4	5081800
2441.5	5086200
2441.6	5090600
2441.7	5095000
2441.8	5099400
2441.9	5103800
2442	5108100
2442.1	5112500
2442.2	5116900
2442.3	5121300
2442.4	5125700
2442.5	5130000
2442.6	5134400
2442.7	5138800
2442.8	5143200
2442.9	5147600
2443	5152000
2443.1	5156300
2443.2	5160700
2443.3	5165100
2443.4	5169500
2443.5	5173900
2443.6	5178300
2443.7	5182600
2443.8	5187000
2443.9	5191400
2444	5195800
2444.1	5200200
2444.2	5204500
2444.3	5208900
2444.4	5213300
2444.5	5217700
2444.6	5222100
2444.7	5226500
2444.8	5230800
2444.9	5235200
2445	5239600
2445.1	5244000
2445.2	5248400
2445.3	5252700
2445.4	5257100
2445.5	5261500
2445.6	5265900
2445.7	5270300
2445.8	5274700
2445.9	5279000
2446	5283400
2446.1	5287800
2446.2	5292200
2446.3	5296600
2446.4	5300900
2446.5	5305300
2446.6	5309700
2446.7	5314100
2446.8	5318500
2446.9	5322900
2447	5327200
2447.1	5331600
2447.2	5336000
2447.3	5340400
2447.4	5344800
2447.5	5349100
2447.6	5353500
2447.7	5357900
2447.8	5362300
2447.9	5366700
2448	5371100
2448.1	5375400
2448.2	5379800
2448.3	5384200
2448.4	5388600
2448.5	5393000
2448.6	5397400
2448.7	5401700
2448.8	5406100
2448.9	5410500
2449	5414900
2449.1	5419300
2449.2	5423600
2449.3	5428000
2449.4	5432400
2449.5	5436800
2449.6	5441200
2449.7	5445600
2449.8	5449900
2449.9	5454300
2450	5458700
2450.1	5463300
2450.2	5467800
2450.3	5472400
2450.4	5476900
2450.5	5481500
2450.6	5486100
2450.7	5490600
2450.8	5495200
2450.9	5499800
2451	5504300
2451.1	5508900
2451.2	5513500
2451.3	5518000
2451.4	5522600
2451.5	5527100
2451.6	5531700
2451.7	5536300
2451.8	5540800
2451.9	5545400
2452	5550000
2452.1	5554500
2452.2	5559100
2452.3	5563700
2452.4	5568200
2452.5	5572800
2452.6	5577400
2452.7	5581900
2452.8	5586500
2452.9	5591000
2453	5595600
2453.1	5600200
2453.2	5604700
2453.3	5609300
2453.4	5613800
2453.5	5618400
2453.6	5623000
2453.7	5627500
2453.8	5632100
2453.9	5636700
2454	5641200
2454.1	5645800
2454.2	5650400
2454.3	5654900
2454.4	5659500
2454.5	5664000
2454.6	5668600
2454.7	5673200
2454.8	5677700
2454.9	5682300
2455	5686900
2455.1	5691400
2455.2	5696000
2455.3	5700600
2455.4	5705100
2455.5	5709700
2455.6	5714300
2455.7	5718800
2455.8	5723400
2455.9	5727900
2456	5732500
2456.1	5737100
2456.2	5741600
2456.3	5746200
2456.4	5750700
2456.5	5755300
2456.6	5759900
2456.7	5764400
2456.8	5769000
2456.9	5773600
2457	5778100
2457.1	5782700
2457.2	5787300
2457.3	5791800
2457.4	5796400
2457.5	5801000
2457.6	5805500
2457.7	5810100
2457.8	5814600
2457.9	5819200
2458	5823800
2458.1	5828300
2458.2	5832900
2458.3	5837500
2458.4	5842000
2458.5	5846600
2458.6	5851200
2458.7	5855700
2458.8	5860300
2458.9	5864800
2459	5869400
